# File generated by CMD 3.7 (http://stev.oapd.inaf.it/cmd) on Thu Jul 11 09:14:12 UTC 2024
# isochrones based on PARSEC release v1.2S +  COLIBRI S_37 + S_35 + PR16
# Basic references: Bressan et al. (2012), MNRAS, 427, 127 + Chen et al. (2014, 2015), MNRAS, 444, 2525 + MNRAS, 452, 1068 + Tang et al. (2014), MNRAS, 445, 4287 + Marigo et al. (2017), ApJ, 835, 77 + Pastorelli al. (2019), MNRAS, 485, 5666 + Pastorelli al. (2020), MNRAS, in press
# Thermal pulse cycles included 
# On RGB, assumed Reimers mass loss with efficiency eta=0.2
# LPV periods and growth rates added cf. Trabucchi et al. (2019)
# but fundamental-mode LPV periods are from Trabucchi et al. (2021)
# Photometric system: Pan-STARRS1
# Attention: photometry includes extinction of Av=2.2, with coefficients derived star-by-star, for Cardelli et al 89 + O'Donnell 94 Rv=3.1 extinction curve.
# Using YBC version of bolometric corrections as in Chen et al. (2019)
# O-rich circumstellar dust ignored
# C-rich circumstellar dust ignored
# IMF: Kroupa (2001, 2002) + Kroupa et al. (2013) canonical two-part-power law IMF corrected for unresolved binaries 
# Kind of output: isochrone tables
# Zini     MH   logAge Mini        int_IMF         Mass   logL    logTe  logg  label   McoreTP C_O  period0  period1  period2  period3  period4  pmode  Mloss  tau1m   X   Y   Xc  Xn  Xo  Cexcess  Z 	 mbolmag  gP1mag  rP1mag  iP1mag  zP1mag  yP1mag  wP1mag
0.0026766 -0.76000 10.07918 0.0900000036 1.0816895926    0.090 -3.277  3.4265  5.327    1  0.000  0.545     0.00     0.00     0.00     0.00     0.00 -1 -4.33e-17      0.00 7.415e-01 2.557e-01 5.108e-04 1.378e-04 1.250e-03 -1.000 2.841e-03 12.962 20.340 18.144 15.151 13.823 13.230 16.382
0.0026766 -0.76000 10.07918 0.0923728943 1.1040389334    0.092 -3.222  3.4341  5.314    1  0.000  0.545     0.00     0.00     0.00     0.00     0.00 -1 -4.93e-17      0.00 7.412e-01 2.559e-01 5.108e-04 1.378e-04 1.250e-03 -1.000 2.841e-03 12.826 19.974 17.800 14.943 13.663 13.091 16.156
0.0026766 -0.76000 10.07918 0.0995249003 1.1671254338    0.099 -3.066  3.4560  5.278    1  0.000  0.545     0.00     0.00     0.00     0.00     0.00 -1 -7.26e-17      0.00 7.406e-01 2.566e-01 5.108e-04 1.378e-04 1.250e-03 -1.000 2.841e-03 12.436 18.963 16.847 14.361 13.213 12.695 15.520
0.0026766 -0.76000 10.07918 0.1048077866 1.2100568788    0.105 -2.987  3.4656  5.260    1  0.000  0.545     0.00     0.00     0.00     0.00     0.00 -1 -8.84e-17      0.00 7.401e-01 2.571e-01 5.108e-04 1.378e-04 1.250e-03 -1.000 2.841e-03 12.239 18.502 16.403 14.087 12.996 12.499 15.218
0.0026766 -0.76000 10.07918 0.1185747087 1.3098487481    0.118 -2.799  3.4885  5.216    1  0.000  0.545     0.00     0.00     0.00     0.00     0.00 -1 -1.43e-16      0.00 7.389e-01 2.583e-01 5.108e-04 1.378e-04 1.250e-03 -1.000 2.841e-03 11.767 17.456 15.394 13.455 12.491 12.039 14.515
0.0026766 -0.76000 10.07918 0.1376245171 1.4254966572    0.137 -2.615  3.5076  5.173    1  0.000  0.545     0.00     0.00     0.00     0.00     0.00 -1 -1.68e-16      0.00 7.375e-01 2.597e-01 5.108e-04 1.378e-04 1.250e-03 -1.000 2.841e-03 11.307 16.581 14.557 12.887 12.016 11.595 13.885
0.0026766 -0.76000 10.07918 0.1566743255 1.5220067571    0.156 -2.473  3.5202  5.138    1  0.000  0.545     0.00     0.00     0.00     0.00     0.00 -1 -2.88e-16      0.00 7.363e-01 2.608e-01 5.108e-04 1.378e-04 1.250e-03 -1.000 2.841e-03 10.953 15.982 13.985 12.473 11.657 11.255 13.430
0.0026766 -0.76000 10.07918 0.1947739422 1.6758423446    0.194 -2.256  3.5363  5.079    1  0.000  0.545     0.00     0.00     0.00     0.00     0.00 -1 -4.57e-16      0.00 7.348e-01 2.624e-01 5.108e-04 1.378e-04 1.250e-03 -1.000 2.841e-03 10.410 15.171 13.222 11.867 11.112 10.729 12.778
0.0026766 -0.76000 10.07918 0.2423984557 1.8206405717    0.242 -2.051  3.5488  5.019    1  0.000  0.545     0.00     0.00     0.00     0.00     0.00 -1 -3.56e-17      0.00 7.341e-01 2.631e-01 5.108e-04 1.378e-04 1.250e-03 -1.000 2.841e-03 9.897 14.472 12.560 11.313 10.600 10.230 12.189
0.0026766 -0.76000 10.07918 0.2900229692 1.9324903514    0.289 -1.891  3.5579  4.973    1  0.000  0.545     0.00     0.00     0.00     0.00     0.00 -1 -4.64e-17      0.00 7.341e-01 2.631e-01 5.108e-04 1.378e-04 1.250e-03 -1.000 2.841e-03 9.497 13.952 12.066 10.889 10.203 9.843 11.741
0.0026766 -0.76000 10.07918 0.3376474977 2.0226947004    0.337 -1.756  3.5655  4.935    1  0.000  0.545     0.00     0.00     0.00     0.00     0.00 -1 -6.66e-16      0.00 7.409e-01 2.563e-01 5.108e-04 1.378e-04 1.250e-03 -1.000 2.841e-03 9.160 13.520 11.657 10.534 9.870 9.518 11.366
0.0026766 -0.76000 10.07918 0.3852719963 2.0977106069    0.385 -1.613  3.5756  4.891    1  0.000  0.545     0.00     0.00     0.00     0.00     0.00 -1 -1.77e-15      0.00 7.433e-01 2.539e-01 5.108e-04 1.378e-04 1.250e-03 -1.000 2.841e-03 8.804 13.047 11.215 10.156 9.519 9.176 10.964
0.0026766 -0.76000 10.07918 0.4328965545 2.1615470249    0.432 -1.453  3.5892  4.836    1  0.000  0.545     0.00     0.00     0.00     0.00     0.00 -1 -2.57e-15      0.00 7.434e-01 2.538e-01 5.108e-04 1.378e-04 1.250e-03 -1.000 2.841e-03 8.404 12.500 10.718 9.732 9.127 8.797 10.511
0.0026766 -0.76000 10.07918 0.4805210233 2.2168499070    0.480 -1.275  3.6088  4.782    1  0.000  0.545     0.00     0.00     0.00     0.00     0.00 -1 -3.92e-15      0.00 7.434e-01 2.538e-01 5.108e-04 1.378e-04 1.250e-03 -1.000 2.841e-03 7.958 11.861 10.167 9.260 8.692 8.377 10.004
0.0026766 -0.76000 10.07918 0.5281455517 2.2646996507    0.527 -1.074  3.6368  4.733    1  0.000  0.545     0.00     0.00     0.00     0.00     0.00 -1 -6.28e-15      0.00 7.620e-01 2.354e-01 4.691e-04 1.266e-04 1.148e-03 -1.000 2.630e-03 7.454 11.094 9.540 8.733 8.213 7.919 9.428
0.0026766 -0.76000 10.07918 0.5638281107 2.2947849036    0.563 -0.920  3.6609  4.704    1  0.000  0.544     0.00     0.00     0.00     0.00     0.00 -1 -8.96e-15      0.00 7.752e-01 2.223e-01 4.502e-04 1.216e-04 1.103e-03 -1.000 2.499e-03 7.069 10.467 9.056 8.327 7.846 7.573 8.978
0.0026766 -0.76000 10.07918 0.5757700205 2.3039008938    0.575 -0.870  3.6687  4.694    1  0.000  0.544     0.00     0.00     0.00     0.00     0.00 -1    -1e-14      0.00 7.795e-01 2.181e-01 4.441e-04 1.199e-04 1.088e-03 -1.000 2.456e-03 6.945 10.275 8.907 8.199 7.730 7.462 8.837
0.0026766 -0.76000 10.07918 0.6233944893 2.3362956636    0.623 -0.675  3.6994  4.657    1  0.000  0.544     0.00     0.00     0.00     0.00     0.00 -1 -1.58e-14      0.00 7.854e-01 2.122e-01 4.345e-04 1.174e-04 1.066e-03 -1.000 2.429e-03 6.458 9.556 8.341 7.698 7.264 7.023 8.292
0.0026766 -0.76000 10.07918 0.6292788386 2.3399087826    0.629 -0.651  3.7032  4.652    1  0.000  0.544     0.00     0.00     0.00     0.00     0.00 -1 -1.67e-14      0.00 7.862e-01 2.113e-01 4.332e-04 1.170e-04 1.063e-03 -1.000 2.413e-03 6.397 9.474 8.274 7.637 7.208 6.970 8.227
0.0026766 -0.76000 10.07918 0.6441813111 2.3487206094    0.643 -0.589  3.7126  4.639    1  0.000  0.544     0.00     0.00     0.00     0.00     0.00 -1 -1.93e-14      0.00 7.884e-01 2.092e-01 4.300e-04 1.162e-04 1.055e-03 -1.000 2.408e-03 6.244 9.268 8.106 7.486 7.067 6.836 8.065
0.0026766 -0.76000 10.07918 0.6586239934 2.3568244557    0.658 -0.530  3.7217  4.625    1  0.000  0.543     0.00     0.00     0.00     0.00     0.00 -1 -1.43e-14      0.00 7.906e-01 2.070e-01 4.267e-04 1.153e-04 1.047e-03 -1.000 2.399e-03 6.095 9.075 7.947 7.342 6.932 6.708 7.909
0.0026766 -0.76000 10.07918 0.6710191369 2.3634604697    0.670 -0.479  3.7293  4.612    1  0.000  0.543     0.00     0.00     0.00     0.00     0.00 -1 -2.51e-14      0.00 7.925e-01 2.051e-01 4.240e-04 1.146e-04 1.041e-03 -1.000 2.362e-03 5.966 8.915 7.811 7.218 6.816 6.598 7.777
0.0026766 -0.76000 10.07918 0.6730435491 2.3645176133    0.672 -0.470  3.7304  4.609    1  0.000  0.543     0.00     0.00     0.00     0.00     0.00 -1 -2.57e-14      0.00 7.929e-01 2.048e-01 4.232e-04 1.144e-04 1.039e-03 -1.000 2.354e-03 5.946 8.889 7.789 7.198 6.797 6.579 7.756
0.0026766 -0.76000 10.07918 0.6874073744 2.3718131870    0.687 -0.410  3.7385  4.591    1  0.000  0.542     0.00     0.00     0.00     0.00     0.00 -1 -2.98e-14      0.00 7.955e-01 2.022e-01 4.178e-04 1.132e-04 1.029e-03 -1.000 2.321e-03 5.795 8.709 7.634 7.056 6.662 6.450 7.604
0.0026766 -0.76000 10.07918 0.7002696395 2.3780548463    0.700 -0.356  3.7456  4.573    1  0.000  0.541     0.00     0.00     0.00     0.00     0.00 -1 -3.42e-14      0.00 7.979e-01 1.998e-01 4.130e-04 1.122e-04 1.019e-03 -1.000 2.322e-03 5.659 8.548 7.496 6.928 6.541 6.334 7.469
0.0026766 -0.76000 10.07918 0.7124560475 2.3837300606    0.712 -0.303  3.7521  4.554    1  0.000  0.540     0.00     0.00     0.00     0.00     0.00 -1 -6.85e-16      0.00 8.003e-01 1.975e-01 4.083e-04 1.111e-04 1.010e-03 -1.000 2.257e-03 5.528 8.396 7.364 6.806 6.425 6.223 7.340
0.0026766 -0.76000 10.07918 0.7196390629 2.3869718444    0.719 -0.272  3.7558  4.541    1  0.000  0.539     0.00     0.00     0.00     0.00     0.00 -1 -1.49e-14      0.00 8.017e-01 1.961e-01 4.055e-04 1.105e-04 1.005e-03 -1.000 2.252e-03 5.449 8.306 7.285 6.734 6.356 6.156 7.263
0.0026766 -0.76000 10.07918 0.7235960960 2.3887261175    0.723 -0.254  3.7577  4.534    1  0.000  0.539     0.00     0.00     0.00     0.00     0.00 -1  -1.7e-14      0.00 8.026e-01 1.951e-01 4.037e-04 1.100e-04 1.001e-03 -1.000 2.251e-03 5.405 8.256 7.242 6.693 6.317 6.118 7.220
0.0026766 -0.76000 10.07918 0.7341084480 2.3932811062    0.733 -0.207  3.7626  4.512    1  0.000  0.538     0.00     0.00     0.00     0.00     0.00 -1 -2.43e-14      0.00 8.052e-01 1.925e-01 3.989e-04 1.089e-04 9.904e-04 -1.000 2.222e-03 5.287 8.124 7.124 6.583 6.212 6.016 7.104
0.0026766 -0.76000 10.07918 0.7443017364 2.3975568410    0.743 -0.159  3.7671  4.489    1  0.000  0.537     0.00     0.00     0.00     0.00     0.00 -1 -3.44e-14      0.00 8.078e-01 1.899e-01 3.941e-04 1.076e-04 9.798e-04 -1.000 2.224e-03 5.168 7.993 7.008 6.474 6.107 5.913 6.990
0.0026766 -0.76000 10.07918 0.7534716129 2.4012898305    0.752 -0.115  3.7710  4.466    1  0.000  0.536     0.00     0.00     0.00     0.00     0.00 -1    -3e-15      0.00 8.103e-01 1.875e-01 3.896e-04 1.065e-04 9.699e-04 -1.000 2.224e-03 5.058 7.873 6.900 6.372 6.009 5.818 6.883
0.0026766 -0.76000 10.07918 0.7623953819 2.4048236597    0.761 -0.071  3.7747  4.441    1  0.000  0.535     0.00     0.00     0.00     0.00     0.00 -1 -8.16e-16      0.00 8.127e-01 1.851e-01 3.852e-04 1.054e-04 9.600e-04 -1.000 2.209e-03 4.948 7.754 6.792 6.269 5.910 5.721 6.776
0.0026766 -0.76000 10.07918 0.7682590485 2.4070943535    0.767 -0.041  3.7769  4.424    1  0.000  0.535     0.00     0.00     0.00     0.00     0.00 -1 -9.47e-15      0.00 8.144e-01 1.834e-01 3.822e-04 1.047e-04 9.535e-04 -1.000 2.192e-03 4.873 7.673 6.718 6.199 5.842 5.654 6.703
0.0026766 -0.76000 10.07918 0.7710936069 2.4081778021    0.770 -0.026  3.7779  4.414    1  0.000  0.534     0.00     0.00     0.00     0.00     0.00 -1 -1.12e-14      0.00 8.155e-01 1.823e-01 3.803e-04 1.042e-04 9.490e-04 -1.000 2.179e-03 4.836 7.634 6.682 6.165 5.808 5.621 6.668
0.0026766 -0.76000 10.07918 0.7807334065 2.4117948004    0.779  0.026  3.7810  4.380    1  0.000  0.534     0.00     0.00     0.00     0.00     0.00 -1    -2e-14      0.00 8.194e-01 1.784e-01 3.738e-04 1.024e-04 9.332e-04 -1.000 2.147e-03 4.705 7.495 6.552 6.040 5.687 5.501 6.539
0.0026766 -0.76000 10.07918 0.7898069024 2.4151067125    0.788  0.078  3.7836  4.343    1  0.000  0.534     0.00     0.00     0.00     0.00     0.00 -1 -3.49e-14      0.00 8.233e-01 1.746e-01 3.674e-04 1.007e-04 9.181e-04 -1.000 2.063e-03 4.574 7.358 6.424 5.916 5.565 5.380 6.412
0.0026766 -0.76000 10.07918 0.7984147072 2.4181687586    0.797  0.129  3.7856  4.305    1  0.000  0.533     0.00     0.00     0.00     0.00     0.00 -1 -5.94e-14      0.00 8.268e-01 1.711e-01 3.616e-04 9.917e-05 9.041e-04 -1.000 2.028e-03 4.447 7.225 6.297 5.793 5.444 5.260 6.286
0.0026766 -0.76000 10.07918 0.8067072630 2.4210477031    0.805  0.181  3.7871  4.263    1  0.000  0.533     0.00     0.00     0.00     0.00     0.00 -1    -1e-13      0.00 8.292e-01 1.688e-01 3.578e-04 9.818e-05 8.951e-04 -1.000 2.019e-03 4.317 7.091 6.168 5.666 5.318 5.135 6.158
0.0026766 -0.76000 10.07918 0.8123084903 2.4229540898    0.811  0.218  3.7878  4.232    1  0.000  0.533     0.00     0.00     0.00     0.00     0.00 -1 -1.11e-15      0.00 8.301e-01 1.679e-01 3.563e-04 9.779e-05 8.917e-04 -1.000 2.034e-03 4.225 6.997 6.076 5.576 5.229 5.046 6.066
0.0026766 -0.76000 10.07918 0.8160698414 2.4242173951    0.814  0.245  3.7878  4.207    1  0.000  0.533     0.00     0.00     0.00     0.00     0.00 -1 -5.27e-15      0.00 8.304e-01 1.676e-01 3.560e-04 9.770e-05 8.909e-04 -1.000 2.027e-03 4.157 6.929 6.009 5.508 5.161 4.978 5.999
0.0026766 -0.76000 10.07918 0.8168790340 2.4244874262    0.815  0.251  3.7877  4.201    1  0.000  0.533     0.00     0.00     0.00     0.00     0.00 -1 -7.37e-15      0.00 8.305e-01 1.675e-01 3.559e-04 9.769e-05 8.908e-04 -1.000 2.022e-03 4.142 6.914 5.993 5.493 5.146 4.963 5.983
0.0026766 -0.76000 10.07918 0.8209699988 2.4258432335    0.819  0.282  3.7873  4.170    1  0.000  0.533     0.00     0.00     0.00     0.00     0.00 -1 -1.08e-14      0.00 8.306e-01 1.674e-01 3.560e-04 9.769e-05 8.910e-04 -1.000 2.000e-03 4.064 6.836 5.916 5.415 5.067 4.884 5.905
0.0026766 -0.76000 10.07918 0.8273584247 2.4279296462    0.825  0.335  3.7853  4.113    1  0.000  0.532     0.00     0.00     0.00     0.00     0.00 -1 -1.98e-14      0.00 8.300e-01 1.680e-01 3.580e-04 9.826e-05 8.964e-04 -1.000 2.033e-03 3.933 6.709 5.783 5.280 4.931 4.747 5.773
0.0026766 -0.76000 10.07918 0.8296025395 2.4286537929    0.828  0.354  3.7843  4.091    1  0.000  0.532     0.00     0.00     0.00     0.00     0.00 -1 -2.48e-14      0.00 8.294e-01 1.685e-01 3.596e-04 9.873e-05 9.005e-04 -1.000 2.061e-03 3.885 6.663 5.735 5.230 4.880 4.695 5.723
0.0026766 -0.76000 10.07918 0.8332893848 2.4298337577    0.831  0.389  3.7810  4.044    2  0.000  0.532     0.00     0.00     0.00     0.00     0.00 -1 -3.62e-14      0.00 8.254e-01 1.725e-01 3.687e-04 1.012e-04 9.233e-04 -1.000 2.099e-03 3.797 6.582 5.645 5.135 4.782 4.596 5.632
0.0026766 -0.76000 10.07918 0.8371928930 2.4310700481    0.835  0.430  3.7748  3.981    2  0.000  0.532     0.00     0.00     0.00     0.00     0.00 -1 -5.52e-14      0.00 8.139e-01 1.839e-01 3.923e-04 1.077e-04 9.819e-04 -1.000 2.242e-03 3.696 6.495 5.542 5.023 4.664 4.474 5.527
0.0026766 -0.76000 10.07918 0.8401982784 2.4320128960    0.838  0.462  3.7660  3.916    2  0.000  0.534     0.00     0.00     0.00     0.00     0.00 -1 -7.82e-14      0.00 7.938e-01 2.038e-01 4.260e-04 1.168e-04 1.064e-03 -1.000 2.429e-03 3.616 6.438 5.460 4.927 4.560 4.365 5.441
0.0026766 -0.76000 10.07918 0.8420327902 2.4325846154    0.840  0.480  3.7571  3.862    2  0.000  0.535     0.00     0.00     0.00     0.00     0.00 -1 -9.81e-14      0.00 7.805e-01 2.170e-01 4.465e-04 1.223e-04 1.113e-03 -1.000 2.518e-03 3.569 6.416 5.413 4.867 4.491 4.290 5.391
0.0026766 -0.76000 10.07918 0.8435450196 2.4330537469    0.841  0.498  3.7470  3.805    2  0.000  0.536     0.00     0.00     0.00     0.00     0.00 -1 -1.21e-13      0.00 7.712e-01 2.262e-01 4.604e-04 1.260e-04 1.146e-03 -1.000 2.604e-03 3.524 6.403 5.371 4.809 4.423 4.217 5.345
0.0026766 -0.76000 10.07918 0.8447341919 2.4334213015    0.842  0.522  3.7385  3.747    2  0.000  0.536     0.00     0.00     0.00     0.00     0.00 -1 -1.47e-13      0.00 7.655e-01 2.319e-01 4.689e-04 1.282e-04 1.166e-03 -1.000 2.633e-03 3.464 6.372 5.316 4.740 4.346 4.134 5.286
0.0026766 -0.76000 10.07918 0.8457660675 2.4337392752    0.843  0.556  3.7319  3.687    2  0.000  0.537     0.00     0.00     0.00     0.00     0.00 -1 -1.81e-13      0.00 7.614e-01 2.360e-01 4.749e-04 1.298e-04 1.180e-03 -1.000 2.669e-03 3.379 6.311 5.237 4.650 4.249 4.032 5.203
0.0026766 -0.76000 10.07918 0.8467222452 2.4340331271    0.844  0.601  3.7270  3.624    2  0.000  0.537     0.00     0.00     0.00     0.00     0.00 -1  -2.3e-13      0.00 7.580e-01 2.393e-01 4.792e-04 1.310e-04 1.190e-03 -1.000 2.717e-03 3.269 6.220 5.132 4.538 4.132 3.911 5.096
0.0026766 -0.76000 10.07918 0.8468588591 2.4340750489    0.844  0.608  3.7264  3.614    2  0.000  0.537     0.00     0.00     0.00     0.00     0.00 -1 -2.39e-13      0.00 7.575e-01 2.398e-01 4.797e-04 1.311e-04 1.192e-03 -1.000 2.696e-03 3.251 6.205 5.115 4.520 4.113 3.893 5.078
0.0026766 -0.76000 10.07918 0.8476577997 2.4343199033    0.845  0.655  3.7234  3.555    3  0.000  0.537     0.00     0.00     0.00     0.00     0.00 -1 -2.99e-13      0.00 7.548e-01 2.425e-01 4.824e-04 1.319e-04 1.198e-03 -1.000 2.716e-03 3.132 6.097 5.000 4.401 3.991 3.768 4.962
0.0026766 -0.76000 10.07918 0.8483120203 2.4345200098    0.846  0.698  3.7213  3.504    3  0.000  0.537     0.00     0.00     0.00     0.00     0.00 -1 -3.64e-13      0.00 7.526e-01 2.447e-01 4.843e-04 1.324e-04 1.203e-03 -1.000 2.735e-03 3.025 5.998 4.895 4.293 3.881 3.656 4.856
0.0026766 -0.76000 10.07918 0.8490289450 2.4347388885    0.846  0.750  3.7193  3.445    3  0.000  0.536     0.00     0.00     0.00     0.00     0.00 -1 -4.58e-13      0.00 7.501e-01 2.472e-01 4.857e-04 1.330e-04 1.207e-03 -1.000 2.746e-03 2.895 5.876 4.768 4.163 3.748 3.522 4.728
0.0026766 -0.76000 10.07918 0.8495542407 2.4348989928    0.847  0.791  3.7179  3.399    3  0.000  0.536     0.00     0.00     0.00     0.00     0.00 -1 -5.49e-13      0.00 7.481e-01 2.491e-01 4.860e-04 1.336e-04 1.210e-03 -1.000 2.755e-03 2.793 5.780 4.668 4.060 3.644 3.417 4.627
0.0026766 -0.76000 10.07918 0.8501841426 2.4350906799    0.847  0.844  3.7163  3.339    3  0.000  0.534     0.00     0.00     0.00     0.00     0.00 -1 -6.92e-13      0.00 7.457e-01 2.515e-01 4.848e-04 1.349e-04 1.213e-03 -1.000 2.741e-03 2.659 5.653 4.537 3.926 3.509 3.280 4.495
0.0026766 -0.76000 10.07918 0.8506519198 2.4352328192    0.848  0.888  3.7150  3.291    3  0.000  0.530     0.00     0.00     0.00     0.00     0.00 -1 -8.32e-13      0.00 7.439e-01 2.534e-01 4.822e-04 1.374e-04 1.215e-03 -1.000 2.746e-03 2.551 5.551 4.431 3.818 3.399 3.170 4.388
0.0026766 -0.76000 10.07918 0.8510614038 2.4353570979    0.848  0.928  3.7138  3.246    3  0.000  0.527     0.00     0.00     0.00     0.00     0.00 -1 -9.86e-13      0.00 7.423e-01 2.549e-01 4.787e-04 1.409e-04 1.216e-03 -1.000 2.770e-03 2.449 5.454 4.331 3.716 3.296 3.066 4.288
0.0026766 -0.76000 10.07918 0.8514475226 2.4354741595    0.849  0.969  3.7126  3.200    3  0.000  0.522     0.00     0.00     0.00     0.00     0.00 -1 -1.17e-12      0.00 7.408e-01 2.564e-01 4.745e-04 1.455e-04 1.217e-03 -1.000 2.802e-03 2.347 5.357 4.230 3.614 3.192 2.961 4.187
0.0026766 -0.76000 10.07918 0.8518158197 2.4355857042    0.849  1.011  3.7113  3.153    3  0.000  0.517     0.00     0.00     0.00     0.00     0.00 -1 -1.39e-12      0.00 7.396e-01 2.576e-01 4.701e-04 1.505e-04 1.219e-03 -1.000 2.794e-03 2.242 5.258 4.128 3.509 3.086 2.854 4.083
0.0026766 -0.76000 10.07918 0.8521399498 2.4356837804    0.849  1.051  3.7101  3.108    3  0.000  0.513     0.00     0.00     0.00     0.00     0.00 -1 -1.64e-12      0.00 7.386e-01 2.587e-01 4.662e-04 1.553e-04 1.219e-03 -1.000 2.781e-03 2.142 5.164 4.029 3.408 2.984 2.751 3.984
0.0026766 -0.76000 10.07918 0.8524482250 2.4357769797    0.849  1.092  3.7087  3.062    3  0.000  0.509     0.00     0.00     0.00     0.00     0.00 -1 -1.93e-12      0.00 7.376e-01 2.596e-01 4.625e-04 1.599e-04 1.220e-03 -1.000 2.781e-03 2.040 5.068 3.930 3.306 2.880 2.646 3.884
0.0026766 -0.76000 10.07918 0.8527960777 2.4358820512    0.850  1.142  3.7070  3.005    3  0.000  0.505     0.00     0.00     0.00     0.00     0.00 -1 -2.37e-12      0.00 7.367e-01 2.605e-01 4.588e-04 1.644e-04 1.221e-03 -1.000 2.784e-03 1.914 4.950 3.807 3.181 2.753 2.517 3.760
0.0026766 -0.76000 10.07918 0.8530560136 2.4359605024    0.850  1.183  3.7055  2.958    3  0.000  0.502     0.00     0.00     0.00     0.00     0.00 -1 -2.79e-12      0.00 7.361e-01 2.611e-01 4.567e-04 1.672e-04 1.221e-03 -1.000 2.776e-03 1.811 4.855 3.707 3.078 2.649 2.412 3.660
0.0026766 -0.76000 10.07918 0.8533566594 2.4360511718    0.850  1.235  3.7036  2.899    3  0.000  0.500     0.00     0.00     0.00     0.00     0.00 -1 -3.42e-12      0.00 7.356e-01 2.616e-01 4.547e-04 1.697e-04 1.221e-03 -1.000 2.771e-03 1.682 4.736 3.582 2.950 2.518 2.280 3.533
0.0026766 -0.76000 10.07918 0.8536215425 2.4361309949    0.850  1.285  3.7016  2.841    3  0.000  0.498     0.00     0.00     0.00     0.00     0.00 -1 -4.17e-12      0.00 7.353e-01 2.619e-01 4.534e-04 1.713e-04 1.222e-03 -1.000 2.782e-03 1.558 4.621 3.461 2.825 2.391 2.151 3.411
0.0026766 -0.76000 10.07918 0.8538551331 2.4362013407    0.850  1.333  3.6996  2.785    3  0.000  0.498     0.00     0.00     0.00     0.00     0.00 -1 -5.04e-12      0.00 7.351e-01 2.621e-01 4.528e-04 1.721e-04 1.222e-03 -1.000 2.779e-03 1.437 4.511 3.344 2.705 2.268 2.027 3.293
0.0026766 -0.76000 10.07918 0.8540700674 2.4362660290    0.850  1.382  3.6976  2.728    3  0.000  0.498     0.00     0.00     0.00     0.00     0.00 -1 -6.09e-12      0.00 7.351e-01 2.621e-01 4.526e-04 1.723e-04 1.222e-03 -1.000 2.809e-03 1.316 4.401 3.228 2.584 2.145 1.902 3.175
0.0026766 -0.76000 10.07918 0.8542523384 2.4363208575    0.850  1.427  3.6956  2.675    3  0.000  0.497     0.00     0.00     0.00     0.00     0.00 -1 -7.25e-12      0.00 7.351e-01 2.621e-01 4.525e-04 1.724e-04 1.222e-03 -1.000 2.810e-03 1.203 4.300 3.120 2.473 2.032 1.787 3.066
0.0026766 -0.76000 10.07918 0.8544216752 2.4363717711    0.850  1.472  3.6935  2.621    3  0.000  0.497     0.00     0.00     0.00     0.00     0.00 -1 -8.64e-12      0.00 7.350e-01 2.621e-01 4.525e-04 1.725e-04 1.222e-03 -1.000 2.810e-03 1.090 4.198 3.012 2.361 1.917 1.670 2.956
0.0026766 -0.76000 10.07918 0.8545761108 2.4364181842    0.850  1.517  3.6914  2.568    3  0.000  0.497     0.00     0.00     0.00     0.00     0.00 -1 -1.03e-11      0.00 7.350e-01 2.622e-01 4.525e-04 1.726e-04 1.222e-03 -1.000 2.810e-03 0.977 4.098 2.905 2.250 1.803 1.555 2.848
0.0026766 -0.76000 10.07918 0.8547136188 2.4364594937    0.850  1.560  3.6893  2.517    3  0.000  0.497     0.00     0.00     0.00     0.00     0.00 -1 -1.21e-11      0.00 7.350e-01 2.622e-01 4.524e-04 1.726e-04 1.222e-03 -1.000 2.810e-03 0.870 4.002 2.803 2.144 1.694 1.444 2.744
0.0026766 -0.76000 10.07918 0.8548391461 2.4364971908    0.850  1.603  3.6872  2.466    3  0.000  0.497     0.00     0.00     0.00     0.00     0.00 -1 -1.43e-11      0.00 7.350e-01 2.622e-01 4.524e-04 1.727e-04 1.222e-03 -1.000 2.811e-03 0.763 3.909 2.702 2.039 1.587 1.335 2.642
0.0026766 -0.76000 10.07918 0.8549505472 2.4365306349    0.850  1.643  3.6851  2.417    3  0.000  0.497     0.00     0.00     0.00     0.00     0.00 -1 -1.66e-11      0.00 7.350e-01 2.622e-01 4.524e-04 1.727e-04 1.222e-03 -1.000 2.811e-03 0.663 3.822 2.606 1.939 1.485 1.231 2.545
0.0026766 -0.76000 10.07918 0.8550525904 2.4365612609    0.850  1.682  3.6831  2.370    3  0.000  0.497     0.00     0.00     0.00     0.00     0.00 -1 -1.93e-11      0.00 7.350e-01 2.622e-01 4.523e-04 1.727e-04 1.222e-03 -1.000 2.811e-03 0.565 3.738 2.514 1.843 1.386 1.131 2.451
0.0026766 -0.76000 10.07918 0.8551506400 2.4365906803    0.850  1.720  3.6810  2.323    3  0.000  0.497     0.00     0.00     0.00     0.00     0.00 -1 -2.24e-11      0.00 7.350e-01 2.622e-01 4.523e-04 1.728e-04 1.222e-03 -1.000 2.811e-03 0.469 3.656 2.423 1.748 1.289 1.032 2.359
0.0026766 -0.76000 10.07918 0.8552497029 2.4366203960    0.850  1.754  3.6793  2.283    3  0.000  0.497     0.00     0.00     0.00     0.00     0.00 -1 -2.54e-11      0.00 7.350e-01 2.622e-01 4.523e-04 1.728e-04 1.222e-03 -1.000 2.811e-03 0.386 3.584 2.344 1.666 1.204 0.946 2.279
0.0026766 -0.76000 10.07918 0.8553602099 2.4366535351    0.850  1.780  3.6780  2.251    3  0.000  0.497     0.00     0.00     0.00     0.00     0.00 -1 -2.84e-11      0.00 7.350e-01 2.622e-01 4.522e-04 1.729e-04 1.222e-03 -1.000 2.812e-03 0.320 3.527 2.281 1.601 1.138 0.878 2.216
0.0026766 -0.76000 10.07918 0.8554064035 2.4366673849    0.850  1.770  3.6788  2.264    3  0.000  0.497     0.00     0.00     0.00     0.00     0.00 -1 -2.76e-11      0.00 7.350e-01 2.622e-01 4.522e-04 1.729e-04 1.222e-03 -1.000 2.812e-03 0.344 3.546 2.304 1.625 1.162 0.904 2.239
0.0026766 -0.76000 10.07918 0.8554850817 2.4366909701    0.849  1.744  3.6807  2.298    3  0.000  0.497     0.00     0.00     0.00     0.00     0.00 -1 -2.53e-11      0.00 7.350e-01 2.622e-01 4.522e-04 1.729e-04 1.222e-03 -1.000 2.812e-03 0.410 3.598 2.364 1.689 1.229 0.972 2.300
0.0026766 -0.76000 10.07918 0.8554983735 2.4366949541    0.849  1.751  3.6803  2.290    3  0.000  0.497     0.00     0.00     0.00     0.00     0.00 -1 -2.59e-11      0.00 7.350e-01 2.622e-01 4.522e-04 1.729e-04 1.222e-03 -1.000 2.812e-03 0.393 3.584 2.348 1.673 1.212 0.955 2.284
0.0026766 -0.76000 10.07918 0.8555796146 2.4367193016    0.849  1.793  3.6779  2.237    3  0.000  0.497     0.00     0.00     0.00     0.00     0.00 -1 -3.01e-11      0.00 7.350e-01 2.622e-01 4.522e-04 1.730e-04 1.222e-03 -1.000 2.812e-03 0.287 3.494 2.248 1.567 1.104 0.844 2.182
0.0026766 -0.76000 10.07918 0.8556612730 2.4367437688    0.849  1.838  3.6754  2.183    3  0.000  0.497     0.00     0.00     0.00     0.00     0.00 -1 -3.56e-11      0.00 7.350e-01 2.622e-01 4.522e-04 1.730e-04 1.222e-03 -1.000 2.812e-03 0.175 3.401 2.144 1.457 0.991 0.729 2.076
0.0026766 -0.76000 10.07918 0.8557376266 2.4367666416    0.849  1.882  3.6728  2.127    3  0.000  0.497     0.00     0.00     0.00     0.00     0.00 -1 -4.21e-11      0.00 7.350e-01 2.622e-01 4.521e-04 1.730e-04 1.222e-03 -1.000 2.812e-03 0.064 3.308 2.040 1.348 0.878 0.614 1.970
0.0026766 -0.76000 10.07918 0.8558069468 2.4367874035    0.849  1.926  3.6702  2.074    3  0.000  0.497     0.00     0.00     0.00     0.00     0.00 -1 -4.97e-11      0.00 7.349e-01 2.622e-01 4.521e-04 1.731e-04 1.222e-03 -1.000 2.812e-03 -0.045 3.218 1.938 1.241 0.768 0.502 1.867
0.0026766 -0.76000 10.07918 0.8558718562 2.4368068407    0.848  1.970  3.6675  2.019    3  0.000  0.497     0.00     0.00     0.00     0.00     0.00 -1 -5.87e-11      0.00 7.349e-01 2.622e-01 4.521e-04 1.731e-04 1.222e-03 -1.000 2.813e-03 -0.154 3.129 1.837 1.134 0.658 0.390 1.764
0.0026766 -0.76000 10.07918 0.8559291959 2.4368240084    0.848  2.011  3.6649  1.967    3  0.000  0.497     0.00     0.00     0.00     0.00     0.00 -1 -6.87e-11      0.00 7.349e-01 2.622e-01 4.521e-04 1.731e-04 1.222e-03 -1.000 2.813e-03 -0.257 3.046 1.739 1.032 0.553 0.283 1.664
0.0026766 -0.76000 10.07918 0.8559834957 2.4368402635    0.848  2.053  3.6622  1.914    3  0.000  0.497     0.00     0.00     0.00     0.00     0.00 -1 -8.06e-11      0.00 7.349e-01 2.623e-01 4.521e-04 1.731e-04 1.222e-03 -1.000 2.813e-03 -0.363 2.962 1.639 0.926 0.445 0.174 1.563
0.0026766 -0.76000 10.07918 0.8560333252 2.4368551783    0.847  2.095  3.6595  1.861    3  0.000  0.497     0.00     0.00     0.00     0.00     0.00 -1 -9.45e-11      0.00 7.349e-01 2.623e-01 4.520e-04 1.732e-04 1.222e-03 -1.000 2.813e-03 -0.468 2.880 1.540 0.824 0.338 0.067 1.463
0.0026766 -0.76000 10.07918 0.8560798168 2.4368690922    0.847  2.137  3.6568  1.808    3  0.000  0.497     0.00     0.00     0.00     0.00     0.00 -1 -1.11e-10      0.00 7.349e-01 2.623e-01 4.520e-04 1.732e-04 1.222e-03 -1.000 2.813e-03 -0.573 2.799 1.442 0.721 0.233 -0.039 1.364
0.0026766 -0.76000 10.07918 0.8561211824 2.4368814705    0.846  2.178  3.6541  1.756    3  0.000  0.497     0.00     0.00     0.00     0.00     0.00 -1 -1.29e-10      0.00 7.349e-01 2.623e-01 4.520e-04 1.732e-04 1.222e-03 -1.000 2.813e-03 -0.674 2.722 1.348 0.623 0.132 -0.141 1.269
0.0026766 -0.76000 10.07918 0.8561600447 2.4368930985    0.846  2.219  3.6513  1.704    3  0.000  0.497     0.00     0.00     0.00     0.00     0.00 -1 -1.51e-10      0.00 7.349e-01 2.623e-01 4.520e-04 1.732e-04 1.222e-03 -1.000 2.813e-03 -0.777 2.644 1.254 0.525 0.029 -0.244 1.174
0.0026766 -0.76000 10.07918 0.8561954498 2.4369036910    0.845  2.259  3.6486  1.652    3  0.000  0.497     0.00     0.00     0.00     0.00     0.00 -1 -1.76e-10      0.00 7.349e-01 2.623e-01 4.520e-04 1.732e-04 1.222e-03 -1.000 2.813e-03 -0.877 2.570 1.163 0.429 -0.070 -0.344 1.082
0.0026766 -0.76000 10.07918 0.8562284112 2.4369135515    0.845  2.299  3.6458  1.601    3  0.000  0.497     0.00     0.00     0.00     0.00     0.00 -1 -2.05e-10      0.00 7.349e-01 2.623e-01 4.520e-04 1.732e-04 1.222e-03 -1.000 2.813e-03 -0.978 2.497 1.073 0.334 -0.169 -0.444 0.990
0.0026766 -0.76000 10.07918 0.8562581539 2.4369224483    0.844  2.338  3.6430  1.550    3  0.000  0.497     0.00     0.00     0.00     0.00     0.00 -1 -2.38e-10      0.00 7.349e-01 2.623e-01 4.520e-04 1.732e-04 1.222e-03 -1.000 2.813e-03 -1.076 2.427 0.986 0.242 -0.265 -0.540 0.901
0.0026766 -0.76000 10.07918 0.8562862277 2.4369308453    0.843  2.378  3.6403  1.499    3  0.000  0.497     0.00     0.00     0.00     0.00     0.00 -1 -2.77e-10      0.00 7.349e-01 2.623e-01 4.520e-04 1.733e-04 1.222e-03 -1.000 2.813e-03 -1.175 2.356 0.898 0.150 -0.362 -0.638 0.812
0.0026766 -0.76000 10.07918 0.8563123941 2.4369386712    0.843  2.418  3.6374  1.447    3  0.000  0.497     0.00     0.00     0.00     0.00     0.00 -1 -3.22e-10      0.00 7.349e-01 2.623e-01 4.520e-04 1.733e-04 1.222e-03 -1.000 2.813e-03 -1.274 2.289 0.814 0.058 -0.458 -0.737 0.725
0.0026766 -0.76000 10.07918 0.8563358188 2.4369456767    0.842  2.456  3.6346  1.398    3  0.000  0.497     0.00     0.00     0.00     0.00     0.00 -1 -3.72e-10      0.00 7.349e-01 2.623e-01 4.520e-04 1.733e-04 1.222e-03 -1.000 2.813e-03 -1.370 2.227 0.734 -0.030 -0.551 -0.833 0.641
0.0026766 -0.76000 10.07918 0.8563582301 2.4369523786    0.841  2.495  3.6317  1.346    3  0.000  0.497     0.00     0.00     0.00     0.00     0.00 -1 -4.32e-10      0.00 7.349e-01 2.623e-01 4.520e-04 1.733e-04 1.222e-03 -1.000 2.813e-03 -1.468 2.162 0.652 -0.121 -0.646 -0.931 0.556
0.0026766 -0.76000 10.07918 0.8563827872 2.4369597218    0.840  2.542  3.6283  1.286    3  0.000  0.497    10.71     7.96     5.57     4.32     3.50  3 -5.16e-10      0.00 7.349e-01 2.623e-01 4.519e-04 1.733e-04 1.222e-03 -1.000 2.813e-03 -1.584 2.088 0.556 -0.227 -0.758 -1.046 0.456
0.0026766 -0.76000 10.07918 0.8564009070 2.4369651398    0.839  2.578  3.6255  1.237    3  0.000  0.497    11.86     8.69     6.05     4.70     3.81  3 -5.93e-10      0.00 7.349e-01 2.623e-01 4.519e-04 1.733e-04 1.222e-03 -1.000 2.814e-03 -1.676 2.032 0.482 -0.310 -0.846 -1.137 0.377
0.0026766 -0.76000 10.07918 0.8564186692 2.4369704506    0.838  2.617  3.6226  1.187    3  0.000  0.497    13.19     9.52     6.60     5.13     4.16  3 -6.86e-10      0.00 7.349e-01 2.623e-01 4.519e-04 1.733e-04 1.222e-03 -1.000 2.814e-03 -1.771 1.974 0.405 -0.396 -0.937 -1.231 0.296
0.0026766 -0.76000 10.07918 0.8564377427 2.4369761532    0.836  2.661  3.6193  1.129    3  0.000  0.497    14.91    10.57     7.30     5.68     4.61  3 -8.12e-10      0.00 7.349e-01 2.623e-01 4.519e-04 1.733e-04 1.222e-03 -1.000 2.814e-03 -1.882 1.907 0.316 -0.496 -1.043 -1.340 0.203
0.0026766 -0.76000 10.07918 0.8564523458 2.4369805190    0.835  2.697  3.6165  1.081    3  0.000  0.497    16.49    11.52     7.92     6.18     5.01  3 -9.33e-10      0.00 7.349e-01 2.623e-01 4.519e-04 1.733e-04 1.222e-03 -1.000 2.814e-03 -1.973 1.854 0.245 -0.576 -1.129 -1.429 0.127
0.0026766 -0.76000 10.07918 0.8564662337 2.4369846708    0.834  2.733  3.6136  1.032    3  0.000  0.497    18.26    12.58     8.61     6.73     5.45  2 -1.07e-09      0.00 7.349e-01 2.623e-01 4.519e-04 1.733e-04 1.222e-03 -1.000 2.814e-03 -2.064 1.803 0.175 -0.657 -1.215 -1.519 0.052
0.0026766 -0.76000 10.07918 0.8564816713 2.4369892858    0.832  2.777  3.6102  0.974    3  0.000  0.497    20.64    13.96     9.52     7.44     6.04  2 -1.27e-09      0.00 7.349e-01 2.623e-01 4.519e-04 1.733e-04 1.222e-03 -1.000 2.814e-03 -2.172 1.744 0.091 -0.753 -1.317 -1.625 -0.037
0.0026766 -0.76000 10.07918 0.8564959764 2.4369935620    0.830  2.820  3.6068  0.916    3  0.000  0.497    23.29    15.48    10.50     8.23     6.68  2 -1.49e-09      0.00 7.349e-01 2.623e-01 4.519e-04 1.733e-04 1.222e-03 -1.000 2.814e-03 -2.280 1.690 0.011 -0.847 -1.419 -1.731 -0.124
0.0026766 -0.76000 10.07918 0.8565071225 2.4369968938    0.828  2.855  3.6041  0.869    3  0.000  0.497    25.74    16.86    11.40     8.94     7.26  2 -1.71e-09      0.00 7.349e-01 2.623e-01 4.519e-04 1.733e-04 1.222e-03 -1.000 2.814e-03 -2.369 1.645 -0.055 -0.925 -1.502 -1.818 -0.196
0.0026766 -0.76000 10.07918 0.8565191031 2.4370004749    0.826  2.896  3.6007  0.813    3  0.000  0.497    28.91    18.62    12.53     9.85     7.99  2 -2.01e-09      0.00 7.349e-01 2.623e-01 4.519e-04 1.734e-04 1.222e-03 -1.000 2.814e-03 -2.471 1.597 -0.129 -1.013 -1.597 -1.918 -0.277
0.0026766 -0.76000 10.07918 0.8565304875 2.4370038777    0.823  2.938  3.5973  0.757    3  0.000  0.497    32.56    20.62    13.80    10.87     8.82  2 -2.36e-09      0.00 7.349e-01 2.623e-01 4.519e-04 1.734e-04 1.222e-03 -1.000 2.814e-03 -2.575 1.552 -0.201 -1.102 -1.694 -2.019 -0.358
0.0026766 -0.76000 10.07918 0.8565409184 2.4370069954    0.821  2.978  3.5940  0.702    3  0.000  0.497    36.55    22.76    15.17    11.96     9.71  1 -2.76e-09      0.00 7.349e-01 2.623e-01 4.519e-04 1.734e-04 1.222e-03 -1.000 2.814e-03 -2.676 1.507 -0.271 -1.189 -1.788 -2.118 -0.437
0.0026766 -0.76000 10.07918 0.8565506935 2.4370099171    0.818  3.019  3.5908  0.647    3  0.000  0.497    41.01    25.11    16.66    13.16    10.68  1 -3.22e-09      0.00 7.349e-01 2.623e-01 4.519e-04 1.734e-04 1.222e-03 -1.000 2.814e-03 -2.777 1.464 -0.341 -1.275 -1.881 -2.216 -0.515
0.0026766 -0.76000 10.07918 0.8565595150 2.4370125536    0.815  3.057  3.5875  0.594    3  0.000  0.497    45.86    27.61    18.24    14.43    11.72  1 -3.75e-09      0.00 7.349e-01 2.623e-01 4.519e-04 1.734e-04 1.222e-03 -1.000 2.814e-03 -2.873 1.428 -0.402 -1.354 -1.969 -2.309 -0.587
0.0026766 -0.76000 10.07918 0.8565678000 2.4370150298    0.811  3.096  3.5842  0.540    3  0.000  0.497    51.30    30.38    19.99    15.83    12.86  1 -4.36e-09      0.00 7.349e-01 2.623e-01 4.519e-04 1.734e-04 1.222e-03 -1.000 2.814e-03 -2.969 1.393 -0.462 -1.434 -2.058 -2.402 -0.658
0.0026766 -0.76000 10.07918 0.8565754890 2.4370173277    0.808  3.133  3.5810  0.488    3  0.000  0.497    57.22    33.34    21.84    17.32    14.08  1 -5.04e-09      0.00 7.349e-01 2.623e-01 4.519e-04 1.734e-04 1.222e-03 -1.000 2.814e-03 -3.062 1.361 -0.520 -1.511 -2.143 -2.492 -0.726
0.0026766 -0.76000 10.07918 0.8565827012 2.4370194832    0.804  3.170  3.5777  0.436    3  0.000  0.497    63.86    36.61    23.87    18.97    15.42  1 -5.84e-09      0.00 7.349e-01 2.623e-01 4.519e-04 1.734e-04 1.222e-03 -1.000 2.814e-03 -3.155 1.338 -0.569 -1.586 -2.228 -2.583 -0.790
0.0026766 -0.76000 10.07918 0.8565891981 2.4370214248    0.799  3.206  3.5746  0.385    3  0.000  0.497    70.98    40.04    26.01    20.69    16.82  1 -6.72e-09      0.00 7.349e-01 2.623e-01 4.519e-04 1.734e-04 1.222e-03 -1.000 2.814e-03 -3.244 1.320 -0.612 -1.656 -2.309 -2.669 -0.850
0.0026766 -0.76000 10.07918 0.8565952182 2.4370232238    0.795  3.240  3.5714  0.336    3  0.000  0.497    78.65    43.69    28.26    22.52    18.31  1  -7.7e-09      0.00 7.349e-01 2.623e-01 4.519e-04 1.734e-04 1.222e-03 -1.000 2.814e-03 -3.329 1.304 -0.652 -1.723 -2.386 -2.752 -0.906
0.0026766 -0.76000 10.07918 0.8566008210 2.4370248982    0.790  3.273  3.5683  0.288    3  0.000  0.497    87.05    47.61    30.67    24.48    19.91  1 -8.81e-09      0.00 7.349e-01 2.623e-01 4.519e-04 1.734e-04 1.222e-03 -1.000 2.814e-03 -3.412 1.294 -0.684 -1.786 -2.462 -2.833 -0.957
0.0026766 -0.76000 10.07918 0.8566061854 2.4370265013    0.785  3.306  3.5651  0.240    3  0.000  0.497    96.34    51.87    33.29    26.60    21.64  1 -1.01e-08      0.00 7.349e-01 2.623e-01 4.519e-04 1.734e-04 1.222e-03 -1.000 2.814e-03 -3.494 1.287 -0.710 -1.848 -2.537 -2.914 -1.007
0.0026766 -0.76000 10.07918 0.8566112518 2.4370280153    0.779  3.337  3.5622  0.194    3  0.000  0.497   106.07    56.26    35.96    28.79    23.42  1 -1.14e-08      0.00 7.349e-01 2.623e-01 4.519e-04 1.734e-04 1.222e-03 -1.000 2.814e-03 -3.572 1.280 -0.736 -1.907 -2.607 -2.990 -1.054
0.0026766 -0.76000 10.07918 0.8566150665 2.4370291553    0.775  3.359  3.5601  0.161    3  0.000  0.497   113.72    59.65    38.03    30.47    24.79  1 -1.26e-08      0.00 7.349e-01 2.623e-01 4.519e-04 1.734e-04 1.222e-03 -1.000 2.814e-03 -3.628 1.276 -0.754 -1.948 -2.658 -3.044 -1.087
0.0026766 -0.76000 10.07918 0.8566150665 2.4370291553    0.773  1.720  3.7183  2.432    4  0.000  0.505     0.00     0.00     0.00     0.00     0.00 -1    -1e-30      0.00 7.350e-01 2.622e-01 4.619e-04 1.629e-04 1.224e-03 -1.000 2.783e-03 0.470 3.451 2.348 1.741 1.324 1.095 2.306
0.0026766 -0.76000 10.07918 0.8566806316 2.4370487463    0.773  1.734  3.7173  2.414    4  0.000  0.505     0.00     0.00     0.00     0.00     0.00 -1    -1e-30      0.00 7.350e-01 2.622e-01 4.619e-04 1.629e-04 1.224e-03 -1.000 2.783e-03 0.435 3.421 2.314 1.705 1.288 1.058 2.272
0.0026766 -0.76000 10.07918 0.8567461967 2.4370683339    0.773  1.737  3.7172  2.410    4  0.000  0.505     0.00     0.00     0.00     0.00     0.00 -1    -1e-30      0.00 7.350e-01 2.622e-01 4.619e-04 1.629e-04 1.224e-03 -1.000 2.783e-03 0.427 3.413 2.306 1.697 1.279 1.049 2.264
0.0026766 -0.76000 10.07918 0.8568072915 2.4370865828    0.774  1.739  3.7173  2.409    4  0.000  0.505     0.00     0.00     0.00     0.00     0.00 -1    -1e-30      0.00 7.350e-01 2.622e-01 4.619e-04 1.629e-04 1.224e-03 -1.000 2.783e-03 0.424 3.409 2.303 1.693 1.276 1.046 2.261
0.0026766 -0.76000 10.07918 0.8568686843 2.4371049178    0.774  1.739  3.7177  2.411    4  0.000  0.505     0.00     0.00     0.00     0.00     0.00 -1    -1e-30      0.00 7.350e-01 2.622e-01 4.619e-04 1.629e-04 1.224e-03 -1.000 2.783e-03 0.423 3.407 2.302 1.693 1.276 1.047 2.260
0.0026766 -0.76000 10.07918 0.8569308519 2.4371234811    0.774  1.738  3.7182  2.414    4  0.000  0.505     0.00     0.00     0.00     0.00     0.00 -1    -1e-30      0.00 7.350e-01 2.622e-01 4.619e-04 1.629e-04 1.224e-03 -1.000 2.783e-03 0.426 3.407 2.303 1.696 1.279 1.050 2.262
0.0026766 -0.76000 10.07918 0.8569943309 2.4371424327    0.774  1.736  3.7189  2.418    4  0.000  0.505     0.00     0.00     0.00     0.00     0.00 -1    -1e-30      0.00 7.350e-01 2.622e-01 4.619e-04 1.629e-04 1.224e-03 -1.000 2.783e-03 0.429 3.407 2.306 1.700 1.284 1.055 2.265
0.0026766 -0.76000 10.07918 0.8570576310 2.4371613278    0.774  1.734  3.7196  2.423    4  0.000  0.505     0.00     0.00     0.00     0.00     0.00 -1    -1e-30      0.00 7.350e-01 2.622e-01 4.619e-04 1.629e-04 1.224e-03 -1.000 2.783e-03 0.434 3.408 2.310 1.705 1.289 1.061 2.269
0.0026766 -0.76000 10.07918 0.8571198583 2.4371798995    0.774  1.733  3.7203  2.427    4  0.000  0.505     0.00     0.00     0.00     0.00     0.00 -1    -1e-30      0.00 7.350e-01 2.622e-01 4.619e-04 1.629e-04 1.224e-03 -1.000 2.783e-03 0.438 3.409 2.313 1.709 1.295 1.067 2.273
0.0026766 -0.76000 10.07918 0.8571851254 2.4371993750    0.774  1.731  3.7210  2.431    4  0.000  0.505     0.00     0.00     0.00     0.00     0.00 -1    -1e-30      0.00 7.350e-01 2.622e-01 4.619e-04 1.629e-04 1.224e-03 -1.000 2.783e-03 0.442 3.411 2.317 1.714 1.300 1.073 2.277
0.0026766 -0.76000 10.07918 0.8572012186 2.4372041767    0.774  1.731  3.7211  2.433    4  0.000  0.505     0.00     0.00     0.00     0.00     0.00 -1    -1e-30      0.00 7.350e-01 2.622e-01 4.619e-04 1.629e-04 1.224e-03 -1.000 2.783e-03 0.443 3.411 2.317 1.715 1.301 1.074 2.277
0.0026766 -0.76000 10.07918 0.8572292328 2.4372125347    0.774  1.730  3.7214  2.434    4  0.000  0.505     0.00     0.00     0.00     0.00     0.00 -1    -1e-30      0.00 7.350e-01 2.622e-01 4.619e-04 1.629e-04 1.224e-03 -1.000 2.783e-03 0.445 3.411 2.319 1.717 1.303 1.077 2.279
0.0026766 -0.76000 10.07918 0.8572903275 2.4372307600    0.774  1.729  3.7220  2.438    4  0.000  0.505     0.00     0.00     0.00     0.00     0.00 -1    -1e-30      0.00 7.350e-01 2.622e-01 4.619e-04 1.629e-04 1.224e-03 -1.000 2.783e-03 0.448 3.412 2.321 1.720 1.308 1.082 2.282
0.0026766 -0.76000 10.07918 0.8573498726 2.4372485201    0.774  1.728  3.7226  2.441    4  0.000  0.505     0.00     0.00     0.00     0.00     0.00 -1    -1e-30      0.00 7.350e-01 2.622e-01 4.619e-04 1.629e-04 1.224e-03 -1.000 2.783e-03 0.451 3.412 2.323 1.724 1.311 1.085 2.284
0.0026766 -0.76000 10.07918 0.8574081659 2.4372659042    0.774  1.727  3.7230  2.444    4  0.000  0.505     0.00     0.00     0.00     0.00     0.00 -1    -1e-30      0.00 7.350e-01 2.622e-01 4.619e-04 1.629e-04 1.224e-03 -1.000 2.783e-03 0.453 3.413 2.325 1.726 1.314 1.089 2.286
0.0026766 -0.76000 10.07918 0.8574650288 2.4372828590    0.774  1.726  3.7235  2.447    4  0.000  0.505     0.00     0.00     0.00     0.00     0.00 -1    -1e-30      0.00 7.350e-01 2.622e-01 4.619e-04 1.629e-04 1.224e-03 -1.000 2.783e-03 0.455 3.412 2.326 1.728 1.317 1.091 2.288
0.0026766 -0.76000 10.07918 0.8574712873 2.4372847250    0.774  1.726  3.7235  2.447    4  0.000  0.505     0.00     0.00     0.00     0.00     0.00 -1    -1e-30      0.00 7.350e-01 2.622e-01 4.619e-04 1.629e-04 1.224e-03 -1.000 2.783e-03 0.455 3.412 2.326 1.728 1.317 1.092 2.288
0.0026766 -0.76000 10.07918 0.8574830890 2.4372882435    0.774  1.726  3.7236  2.447    4  0.000  0.505     0.00     0.00     0.00     0.00     0.00 -1    -1e-30      0.00 7.350e-01 2.622e-01 4.619e-04 1.629e-04 1.224e-03 -1.000 2.783e-03 0.455 3.412 2.327 1.728 1.317 1.092 2.288
0.0026766 -0.76000 10.07918 0.8575412631 2.4373055858    0.774  1.726  3.7239  2.449    4  0.000  0.505     0.00     0.00     0.00     0.00     0.00 -1    -1e-30      0.00 7.350e-01 2.622e-01 4.619e-04 1.629e-04 1.224e-03 -1.000 2.783e-03 0.456 3.412 2.327 1.729 1.318 1.093 2.288
0.0026766 -0.76000 10.07918 0.8575977087 2.4373224103    0.774  1.726  3.7241  2.450    4  0.000  0.505     0.00     0.00     0.00     0.00     0.00 -1    -1e-30      0.00 7.350e-01 2.622e-01 4.619e-04 1.629e-04 1.224e-03 -1.000 2.783e-03 0.456 3.411 2.327 1.730 1.319 1.094 2.288
0.0026766 -0.76000 10.07918 0.8576564193 2.4373399071    0.774  1.726  3.7243  2.450    4  0.000  0.505     0.00     0.00     0.00     0.00     0.00 -1    -1e-30      0.00 7.350e-01 2.622e-01 4.619e-04 1.629e-04 1.224e-03 -1.000 2.783e-03 0.455 3.409 2.326 1.729 1.319 1.094 2.288
0.0026766 -0.76000 10.07918 0.8577157855 2.4373575965    0.775  1.726  3.7244  2.450    4  0.000  0.505     0.00     0.00     0.00     0.00     0.00 -1    -1e-30      0.00 7.350e-01 2.622e-01 4.619e-04 1.629e-04 1.224e-03 -1.000 2.784e-03 0.454 3.408 2.325 1.728 1.317 1.093 2.286
0.0026766 -0.76000 10.07918 0.8577722311 2.4373744131    0.775  1.727  3.7244  2.449    4  0.000  0.505     0.00     0.00     0.00     0.00     0.00 -1    -1e-30      0.00 7.350e-01 2.622e-01 4.619e-04 1.629e-04 1.224e-03 -1.000 2.784e-03 0.452 3.405 2.322 1.725 1.315 1.090 2.284
0.0026766 -0.76000 10.07918 0.8578331470 2.4373925586    0.775  1.729  3.7242  2.447    4  0.000  0.505     0.00     0.00     0.00     0.00     0.00 -1    -1e-30      0.00 7.350e-01 2.622e-01 4.618e-04 1.629e-04 1.224e-03 -1.000 2.784e-03 0.448 3.402 2.319 1.722 1.311 1.087 2.281
0.0026766 -0.76000 10.07918 0.8578926921 2.4374102929    0.775  1.731  3.7240  2.445    4  0.000  0.505     0.00     0.00     0.00     0.00     0.00 -1    -1e-30      0.00 7.350e-01 2.622e-01 4.618e-04 1.630e-04 1.224e-03 -1.000 2.784e-03 0.444 3.399 2.315 1.717 1.306 1.081 2.276
0.0026766 -0.76000 10.07918 0.8579044938 2.4374138075    0.775  1.731  3.7239  2.444    4  0.000  0.505     0.00     0.00     0.00     0.00     0.00 -1    -1e-30      0.00 7.350e-01 2.622e-01 4.618e-04 1.630e-04 1.224e-03 -1.000 2.784e-03 0.442 3.398 2.313 1.716 1.305 1.080 2.275
0.0026766 -0.76000 10.07918 0.8579581976 2.4374297992    0.775  1.733  3.7236  2.440    4  0.000  0.505     0.00     0.00     0.00     0.00     0.00 -1    -1e-30      0.00 7.350e-01 2.622e-01 4.618e-04 1.630e-04 1.224e-03 -1.000 2.784e-03 0.437 3.394 2.308 1.710 1.299 1.074 2.269
0.0026766 -0.76000 10.07918 0.8580139279 2.4374463919    0.775  1.736  3.7232  2.436    4  0.000  0.505     0.00     0.00     0.00     0.00     0.00 -1    -1e-30      0.00 7.350e-01 2.622e-01 4.618e-04 1.630e-04 1.224e-03 -1.000 2.784e-03 0.430 3.388 2.302 1.703 1.291 1.066 2.263
0.0026766 -0.76000 10.07918 0.8580722213 2.4374637450    0.775  1.739  3.7227  2.431    4  0.000  0.505     0.00     0.00     0.00     0.00     0.00 -1    -1e-30      0.00 7.350e-01 2.622e-01 4.618e-04 1.630e-04 1.224e-03 -1.000 2.784e-03 0.422 3.382 2.294 1.694 1.282 1.056 2.255
0.0026766 -0.76000 10.07918 0.8581280708 2.4374803681    0.775  1.743  3.7222  2.425    4  0.000  0.505     0.00     0.00     0.00     0.00     0.00 -1    -1e-30      0.00 7.350e-01 2.622e-01 4.618e-04 1.630e-04 1.224e-03 -1.000 2.784e-03 0.412 3.375 2.285 1.684 1.272 1.046 2.246
0.0026766 -0.76000 10.07918 0.8581818342 2.4374963679    0.775  1.747  3.7215  2.418    4  0.000  0.505     0.00     0.00     0.00     0.00     0.00 -1    -1e-30      0.00 7.350e-01 2.622e-01 4.618e-04 1.630e-04 1.224e-03 -1.000 2.784e-03 0.402 3.368 2.275 1.673 1.260 1.033 2.235
0.0026766 -0.76000 10.07918 0.8582355976 2.4375123654    0.775  1.752  3.7208  2.411    4  0.000  0.505     0.00     0.00     0.00     0.00     0.00 -1    -1e-30      0.00 7.350e-01 2.622e-01 4.618e-04 1.630e-04 1.224e-03 -1.000 2.784e-03 0.391 3.359 2.265 1.662 1.248 1.021 2.225
0.0026766 -0.76000 10.07918 0.8582903147 2.4375286444    0.775  1.756  3.7202  2.404    4  0.000  0.505     0.00     0.00     0.00     0.00     0.00 -1    -1e-30      0.00 7.350e-01 2.622e-01 4.618e-04 1.630e-04 1.224e-03 -1.000 2.784e-03 0.380 3.351 2.254 1.650 1.236 1.008 2.214
0.0026766 -0.76000 10.07918 0.8583441377 2.4375446550    0.775  1.757  3.7202  2.404    4  0.000  0.505     0.00     0.00     0.00     0.00     0.00 -1    -1e-30      0.00 7.350e-01 2.623e-01 4.618e-04 1.630e-04 1.224e-03 -1.000 2.784e-03 0.379 3.350 2.253 1.649 1.235 1.007 2.213
0.0026766 -0.76000 10.07918 0.8584029078 2.4375621345    0.775  1.764  3.7192  2.393    4  0.000  0.505     0.00     0.00     0.00     0.00     0.00 -1    -1e-30      0.00 7.350e-01 2.623e-01 4.618e-04 1.630e-04 1.224e-03 -1.000 2.785e-03 0.361 3.337 2.236 1.631 1.215 0.987 2.196
0.0026766 -0.76000 10.07918 0.8584580421 2.4375785302    0.775  1.777  3.7173  2.372    4  0.000  0.505     0.00     0.00     0.00     0.00     0.00 -1    -1e-30      0.00 7.350e-01 2.623e-01 4.618e-04 1.630e-04 1.224e-03 -1.000 2.785e-03 0.329 3.314 2.207 1.598 1.180 0.950 2.165
0.0026766 -0.76000 10.07918 0.8585139513 2.4375951539    0.775  1.796  3.7147  2.343    4  0.000  0.505     0.00     0.00     0.00     0.00     0.00 -1    -1e-30      0.00 7.350e-01 2.623e-01 4.618e-04 1.630e-04 1.224e-03 -1.000 2.785e-03 0.281 3.278 2.162 1.548 1.128 0.896 2.119
0.0026766 -0.76000 10.07918 0.8585683703 2.4376113321    0.776  1.827  3.7108  2.296    4  0.000  0.505     0.00     0.00     0.00     0.00     0.00 -1    -1e-30      0.00 7.350e-01 2.623e-01 4.618e-04 1.630e-04 1.224e-03 -1.000 2.785e-03 0.203 3.219 2.090 1.469 1.045 0.810 2.045
0.0026766 -0.76000 10.07918 0.8586007953 2.4376209705    0.776  1.861  3.7066  2.245    4  0.000  0.505     0.00     0.00     0.00     0.00     0.00 -1    -1e-30      0.00 7.349e-01 2.623e-01 4.618e-04 1.630e-04 1.224e-03 -1.000 2.785e-03 0.118 3.155 2.011 1.383 0.953 0.716 1.963
0.0026766 -0.76000 10.07918 0.8586163521 2.4376255946    0.776  1.894  3.7026  2.196    4  0.000  0.505     0.00     0.00     0.00     0.00     0.00 -1    -1e-30      0.00 7.349e-01 2.623e-01 4.618e-04 1.630e-04 1.224e-03 -1.000 2.785e-03 0.034 3.093 1.934 1.299 0.865 0.624 1.884
0.0026766 -0.76000 10.07918 0.8586246967 2.4376280748    0.776  1.932  3.6982  2.140    4  0.000  0.505     0.00     0.00     0.00     0.00     0.00 -1    -1e-30      0.00 7.349e-01 2.623e-01 4.618e-04 1.630e-04 1.224e-03 -1.000 2.785e-03 -0.060 3.022 1.848 1.204 0.765 0.522 1.795
0.0026766 -0.76000 10.07918 0.8586286306 2.4376292441    0.776  1.968  3.6942  2.088    4  0.000  0.505     0.00     0.00     0.00     0.00     0.00 -1    -1e-30      0.00 7.349e-01 2.623e-01 4.618e-04 1.630e-04 1.224e-03 -1.000 2.785e-03 -0.149 2.956 1.767 1.115 0.672 0.425 1.711
0.0026766 -0.76000 10.07918 0.8586307168 2.4376298641    0.776  2.003  3.6904  2.039    4  0.000  0.505     0.00     0.00     0.00     0.00     0.00 -1    -1e-30      0.00 7.349e-01 2.623e-01 4.618e-04 1.630e-04 1.224e-03 -1.000 2.785e-03 -0.236 2.891 1.688 1.029 0.581 0.332 1.630
0.0026766 -0.76000 10.07918 0.8586319685 2.4376302361    0.776  2.033  3.6871  1.995    4  0.000  0.505     0.00     0.00     0.00     0.00     0.00 -1    -1e-30      0.00 7.349e-01 2.623e-01 4.618e-04 1.630e-04 1.224e-03 -1.000 2.785e-03 -0.314 2.835 1.619 0.954 0.502 0.250 1.559
0.0026766 -0.76000 10.07918 0.8586325645 2.4376304133    0.776  2.052  3.6852  1.968    7  0.000  0.505     0.00     0.00     0.00     0.00     0.00 -1 -2.42e-15      0.00 7.349e-01 2.611e-01 4.618e-04 1.630e-04 1.224e-03 -1.000 3.996e-03 -0.360 2.801 1.577 0.909 0.455 0.201 1.516
0.0026766 -0.76000 10.07918 0.8586327434 2.4376304664    0.776  2.058  3.6846  1.960    7  0.000  0.505     0.00     0.00     0.00     0.00     0.00 -1 -4.63e-14      0.00 7.349e-01 2.610e-01 4.618e-04 1.630e-04 1.224e-03 -1.000 4.087e-03 -0.375 2.790 1.562 0.894 0.439 0.185 1.501
0.0026766 -0.76000 10.07918 0.8586339355 2.4376308207    0.775  2.106  3.6799  1.894    7  0.000  0.505     0.00     0.00     0.00     0.00     0.00 -1 -1.34e-09      0.00 7.349e-01 2.607e-01 4.618e-04 1.630e-04 1.224e-03 -1.000 4.397e-03 -0.494 2.700 1.448 0.774 0.314 0.058 1.386
0.0026766 -0.76000 10.07918 0.8586350083 2.4376311396    0.775  2.145  3.6762  1.840    7  0.000  0.505     0.00     0.00     0.00     0.00     0.00 -1 -1.66e-09      0.00 7.349e-01 2.607e-01 4.618e-04 1.630e-04 1.224e-03 -1.000 4.397e-03 -0.591 2.630 1.357 0.677 0.213 -0.044 1.294
0.0026766 -0.76000 10.07918 0.8586375713 2.4376319014    0.775  2.160  3.6748  1.819    7  0.000  0.505     0.00     0.00     0.00     0.00     0.00 -1 -1.81e-09      0.00 7.349e-01 2.607e-01 4.618e-04 1.630e-04 1.224e-03 -1.000 4.397e-03 -0.630 2.602 1.322 0.639 0.174 -0.084 1.258
0.0026766 -0.76000 10.07918 0.8586410284 2.4376329289    0.775  2.129  3.6778  1.861    7  0.000  0.505     0.00     0.00     0.00     0.00     0.00 -1 -1.53e-09      0.00 7.349e-01 2.607e-01 4.618e-04 1.630e-04 1.224e-03 -1.000 4.397e-03 -0.552 2.658 1.394 0.716 0.254 -0.003 1.331
0.0026766 -0.76000 10.07918 0.8586769700 2.4376436105    0.773  2.138  3.6768  1.847    7  0.000  0.505     0.00     0.00     0.00     0.00     0.00 -1 -1.62e-09      0.00 7.349e-01 2.607e-01 4.618e-04 1.630e-04 1.224e-03 -1.000 4.397e-03 -0.575 2.641 1.372 0.693 0.230 -0.027 1.309
0.0026766 -0.76000 10.07918 0.8587009907 2.4376507488    0.771  2.181  3.6726  1.787    7  0.000  0.505     0.00     0.00     0.00     0.00     0.00 -1 -2.06e-09      0.00 7.349e-01 2.607e-01 4.618e-04 1.630e-04 1.224e-03 -1.000 4.397e-03 -0.682 2.565 1.273 0.587 0.120 -0.139 1.209
0.0026766 -0.76000 10.07918 0.8587159514 2.4376551945    0.769  2.218  3.6690  1.734    7  0.000  0.505     0.00     0.00     0.00     0.00     0.00 -1 -2.55e-09      0.00 7.349e-01 2.607e-01 4.618e-04 1.630e-04 1.224e-03 -1.000 4.397e-03 -0.774 2.500 1.188 0.496 0.024 -0.236 1.122
0.0026766 -0.76000 10.07918 0.8587297797 2.4376593035    0.767  2.253  3.6657  1.685    7  0.000  0.505     0.00     0.00     0.00     0.00     0.00 -1 -3.11e-09      0.00 7.349e-01 2.607e-01 4.618e-04 1.630e-04 1.224e-03 -1.000 4.397e-03 -0.863 2.439 1.108 0.410 -0.065 -0.327 1.040
0.0026766 -0.76000 10.07918 0.8587455153 2.4376639790    0.765  2.291  3.6622  1.632    7  0.000  0.505     0.00     0.00     0.00     0.00     0.00 -1 -3.89e-09      0.00 7.349e-01 2.607e-01 4.618e-04 1.631e-04 1.224e-03 -1.000 4.396e-03 -0.957 2.374 1.022 0.319 -0.161 -0.423 0.953
0.0026766 -0.76000 10.07918 0.8587600589 2.4376683002    0.762  2.329  3.6587  1.578    7  0.000  0.505     0.00     0.00     0.00     0.00     0.00 -1 -4.83e-09      0.00 7.349e-01 2.607e-01 4.618e-04 1.631e-04 1.224e-03 -1.000 4.397e-03 -1.052 2.310 0.938 0.229 -0.255 -0.519 0.867
0.0026766 -0.76000 10.07918 0.8587731719 2.4376721962    0.759  2.366  3.6552  1.525    7  0.000  0.505     0.00     0.00     0.00     0.00     0.00 -1 -5.99e-09      0.00 7.349e-01 2.607e-01 4.618e-04 1.631e-04 1.224e-03 -1.000 4.397e-03 -1.146 2.247 0.855 0.140 -0.349 -0.613 0.783
0.0026766 -0.76000 10.07918 0.8587850928 2.4376757379    0.755  2.404  3.6518  1.472    7  0.000  0.505     0.00     0.00     0.00     0.00     0.00 -1 -7.47e-09      0.00 7.349e-01 2.607e-01 4.618e-04 1.631e-04 1.224e-03 -1.000 4.353e-03 -1.239 2.186 0.775 0.053 -0.441 -0.706 0.700
0.0026766 -0.76000 10.07918 0.8587959409 2.4376789608    0.751  2.441  3.6484  1.418    7  0.000  0.505     0.00     0.00     0.00     0.00     0.00 -1 -9.26e-09      0.00 7.349e-01 2.607e-01 4.618e-04 1.631e-04 1.224e-03 -1.000 4.341e-03 -1.333 2.127 0.697 -0.033 -0.533 -0.801 0.619
0.0026766 -0.76000 10.07918 0.8588056564 2.4376818471    0.747  2.478  3.6450  1.365    7  0.000  0.505     0.00     0.00     0.00     0.00     0.00 -1 -1.14e-08      0.00 7.349e-01 2.607e-01 4.616e-04 1.631e-04 1.224e-03 -1.000 4.340e-03 -1.425 2.071 0.621 -0.117 -0.622 -0.893 0.540
0.0026766 -0.76000 10.07918 0.8588144183 2.4376844501    0.742  2.515  3.6417  1.313    7  0.000  0.504     9.74     7.35     5.14     4.00     3.24  3  -1.4e-08      0.00 7.349e-01 2.607e-01 4.610e-04 1.633e-04 1.224e-03 -1.000 4.334e-03 -1.516 2.016 0.547 -0.200 -0.711 -0.985 0.462
0.0026766 -0.76000 10.07918 0.8588185310 2.4376856718    0.739  2.533  3.6399  1.286    7  0.000  0.503    10.30     7.71     5.38     4.19     3.39  3 -1.56e-08      0.00 7.350e-01 2.607e-01 4.606e-04 1.636e-04 1.224e-03 -1.000 4.302e-03 -1.562 1.989 0.510 -0.242 -0.755 -1.030 0.423
0.0026766 -0.76000 10.07918 0.8588261604 2.4376879382    0.733  2.569  3.6366  1.233    7  0.000  0.501    11.49     8.46     5.88     4.59     3.71  3 -1.94e-08      0.00 7.350e-01 2.608e-01 4.586e-04 1.651e-04 1.224e-03 -1.000 4.211e-03 -1.652 1.938 0.439 -0.323 -0.841 -1.120 0.348
0.0026766 -0.76000 10.07918 0.8588334322 2.4376900984    0.726  2.605  3.6292  1.163    7  0.000  0.497    13.31     9.59     6.62     5.18     4.19  2 -2.42e-08      0.00 7.349e-01 2.608e-01 4.555e-04 1.683e-04 1.224e-03 -1.000 4.228e-03 -1.743 1.929 0.390 -0.392 -0.923 -1.209 0.290
0.0026766 -0.76000 10.07918 0.8588404059 2.4376921700    0.718  2.642  3.6242  1.101    7  0.000  0.492    15.14    10.69     7.35     5.76     4.66  2 -3.02e-08      0.00 7.349e-01 2.608e-01 4.512e-04 1.731e-04 1.224e-03 -1.000 4.237e-03 -1.836 1.899 0.330 -0.468 -1.007 -1.299 0.223
0.0026766 -0.76000 10.07918 0.8588472605 2.4376942061    0.707  2.680  3.6202  1.041    7  0.000  0.486    17.13    11.87     8.12     6.37     5.16  2 -3.82e-08      0.00 7.349e-01 2.609e-01 4.466e-04 1.786e-04 1.224e-03 -1.000 4.217e-03 -1.929 1.856 0.262 -0.548 -1.094 -1.390 0.150
0.0026766 -0.76000 10.07918 0.8588535786 2.4376960828    0.695  2.716  3.6169  0.984    7  0.000  0.482    19.25    13.09     8.91     7.01     5.68  2 -4.81e-08      0.00 7.349e-01 2.610e-01 4.422e-04 1.840e-04 1.224e-03 -1.000 4.152e-03 -2.019 1.813 0.196 -0.626 -1.178 -1.478 0.078
0.0026766 -0.76000 10.07918 0.8588597775 2.4376979242    0.680  2.752  3.6136  0.925    7  0.000  0.477    21.73    14.49     9.81     7.74     6.27  2 -6.17e-08      0.00 7.348e-01 2.610e-01 4.383e-04 1.888e-04 1.224e-03 -1.000 4.198e-03 -2.110 1.772 0.130 -0.705 -1.264 -1.568 0.006
0.0026766 -0.76000 10.07918 0.8588656187 2.4376996592    0.662  2.789  3.6104  0.863    7  0.000  0.473    24.65    16.09    10.84     8.57     6.94  1  -8.1e-08      0.00 7.348e-01 2.610e-01 4.345e-04 1.935e-04 1.224e-03 -1.000 4.193e-03 -2.203 1.728 0.060 -0.787 -1.352 -1.659 -0.069
0.0026766 -0.76000 10.07918 0.8588705063 2.4377011110    0.642  2.823  3.6078  0.805    7  0.000  0.470    27.70    17.72    11.88     9.41     7.63  1 -1.04e-07      0.00 7.348e-01 2.611e-01 4.316e-04 1.970e-04 1.224e-03 -1.000 4.140e-03 -2.288 1.687 -0.003 -0.861 -1.432 -1.743 -0.138
0.0026766 -0.76000 10.07918 0.8588739634 2.4377021378    0.624  2.851  3.6059  0.758    7  0.000  0.468    30.51    19.18    12.80    10.17     8.24  1  -1.3e-07      0.00 7.347e-01 2.611e-01 4.296e-04 1.995e-04 1.224e-03 -1.000 4.160e-03 -2.358 1.650 -0.057 -0.924 -1.499 -1.812 -0.196
0.0026766 -0.76000 10.07918 0.8588767648 2.4377029699    0.605  2.878  3.6046  0.712    7  0.000  0.466    33.41    20.65    13.73    10.93     8.85  1 -1.62e-07      0.00 7.347e-01 2.612e-01 4.278e-04 2.017e-04 1.224e-03 -1.000 4.148e-03 -2.426 1.607 -0.113 -0.987 -1.565 -1.879 -0.255
0.0026766 -0.76000 10.07918 0.8588795662 2.4377038020    0.583  2.910  3.6042  0.662    7  0.000  0.464    36.96    22.39    14.82    11.83     9.58  1 -2.13e-07      0.00 7.347e-01 2.612e-01 4.259e-04 2.041e-04 1.224e-03 -1.000 4.114e-03 -2.505 1.542 -0.188 -1.065 -1.645 -1.960 -0.332
0.0026766 -0.76000 10.07918 0.8588818312 2.4377044747    0.559  2.940  3.6065  0.623    7  0.000  0.462    39.89    23.76    15.67    12.54    10.15  1 -2.78e-07      0.00 7.346e-01 2.613e-01 4.242e-04 2.061e-04 1.224e-03 -1.000 4.133e-03 -2.579 1.444 -0.280 -1.150 -1.725 -2.037 -0.420
0.0026766 -0.76000 10.07918 0.8588835597 2.4377049881    0.535  2.963  3.6179  0.627    7  0.000  0.461    39.28    23.35    15.40    12.34     9.99  1 -3.47e-07      0.00 7.346e-01 2.613e-01 4.230e-04 2.076e-04 1.224e-03 -1.000 4.141e-03 -2.638 1.239 -0.425 -1.255 -1.811 -2.108 -0.545
0.0026766 -0.76000 10.07918 0.8588842750 2.4377052005    0.511  2.973  3.6278  0.637    7  0.000  0.460    38.15    22.68    14.96    12.00     9.71  1 -3.83e-07      0.00 7.346e-01 2.613e-01 4.221e-04 2.088e-04 1.224e-03 -1.000 4.141e-03 -2.663 1.095 -0.518 -1.318 -1.856 -2.143 -0.624
0.0026766 -0.76000 10.07918 1.0645273924 2.4854870980    0.538 -9.999  3.6286  7.944    9  0.539  0.000     0.00     0.00     0.00     0.00     0.00 -1    -1e-30      0.00 7.225e-01 2.746e-01 4.139e-04 2.590e-04 1.250e-03 -1.000 2.843e-03 29.767 33.471 31.856 31.014 30.483 30.189 31.727
#isochrone terminated
