# File generated by CMD 3.7 (http://stev.oapd.inaf.it/cmd) on Mon Jul  8 09:39:05 UTC 2024
# isochrones based on PARSEC release v1.2S +  COLIBRI S_37 + S_35 + PR16
# Basic references: Bressan et al. (2012), MNRAS, 427, 127 + Chen et al. (2014, 2015), MNRAS, 444, 2525 + MNRAS, 452, 1068 + Tang et al. (2014), MNRAS, 445, 4287 + Marigo et al. (2017), ApJ, 835, 77 + Pastorelli al. (2019), MNRAS, 485, 5666 + Pastorelli al. (2020), MNRAS, in press
# Thermal pulse cycles included 
# On RGB, assumed Reimers mass loss with efficiency eta=0.2
# LPV periods and growth rates added cf. Trabucchi et al. (2019)
# but fundamental-mode LPV periods are from Trabucchi et al. (2021)
# Photometric system: Gaia EDR3 (all Vegamags, Gaia passbands from ESA/Gaia website)
# Attention: photometry includes extinction of Av=1.643, with coefficients derived star-by-star, for Cardelli et al 89 + O'Donnell 94 Rv=3.1 extinction curve.
# Using YBC version of bolometric corrections as in Chen et al. (2019)
# O-rich circumstellar dust ignored
# C-rich circumstellar dust ignored
# IMF: Kroupa (2001, 2002) + Kroupa et al. (2013) canonical two-part-power law IMF corrected for unresolved binaries 
# Kind of output: isochrone tables
# Zini     MH   logAge Mini        int_IMF         Mass   logL    logTe  logg  label   McoreTP C_O  period0  period1  period2  period3  period4  pmode  Mloss  tau1m   X   Y   Xc  Xn  Xo  Cexcess  Z 	 mbolmag  Gmag    G_BPmag  G_RPmag
0.0026766 -0.76000 10.07918 0.0900000036 1.0816895926    0.090 -3.277  3.4265  5.327    1  0.000  0.545     0.00     0.00     0.00     0.00     0.00 -1 -4.33e-17      0.00 7.415e-01 2.557e-01 5.108e-04 1.378e-04 1.250e-03 -1.000 2.841e-03 12.962 15.426 18.823 13.920
0.0026766 -0.76000 10.07918 0.0923728943 1.1040389334    0.092 -3.222  3.4341  5.314    1  0.000  0.545     0.00     0.00     0.00     0.00     0.00 -1 -4.93e-17      0.00 7.412e-01 2.559e-01 5.108e-04 1.378e-04 1.250e-03 -1.000 2.841e-03 12.826 15.234 18.467 13.745
0.0026766 -0.76000 10.07918 0.0995249003 1.1671254338    0.099 -3.066  3.4560  5.278    1  0.000  0.545     0.00     0.00     0.00     0.00     0.00 -1 -7.26e-17      0.00 7.406e-01 2.566e-01 5.108e-04 1.378e-04 1.250e-03 -1.000 2.841e-03 12.436 14.689 17.479 13.250
0.0026766 -0.76000 10.07918 0.1048077866 1.2100568788    0.105 -2.987  3.4656  5.260    1  0.000  0.545     0.00     0.00     0.00     0.00     0.00 -1 -8.84e-17      0.00 7.401e-01 2.571e-01 5.108e-04 1.378e-04 1.250e-03 -1.000 2.841e-03 12.239 14.425 17.020 13.011
0.0026766 -0.76000 10.07918 0.1185747087 1.3098487481    0.118 -2.799  3.4885  5.216    1  0.000  0.545     0.00     0.00     0.00     0.00     0.00 -1 -1.43e-16      0.00 7.389e-01 2.583e-01 5.108e-04 1.378e-04 1.250e-03 -1.000 2.841e-03 11.767 13.798 15.979 12.448
0.0026766 -0.76000 10.07918 0.1376245171 1.4254966572    0.137 -2.615  3.5076  5.173    1  0.000  0.545     0.00     0.00     0.00     0.00     0.00 -1 -1.68e-16      0.00 7.375e-01 2.597e-01 5.108e-04 1.378e-04 1.250e-03 -1.000 2.841e-03 11.307 13.219 15.120 11.925
0.0026766 -0.76000 10.07918 0.1566743255 1.5220067571    0.156 -2.473  3.5202  5.138    1  0.000  0.545     0.00     0.00     0.00     0.00     0.00 -1 -2.88e-16      0.00 7.363e-01 2.608e-01 5.108e-04 1.378e-04 1.250e-03 -1.000 2.841e-03 10.953 12.792 14.536 11.534
0.0026766 -0.76000 10.07918 0.1947739422 1.6758423446    0.194 -2.256  3.5363  5.079    1  0.000  0.545     0.00     0.00     0.00     0.00     0.00 -1 -4.57e-16      0.00 7.348e-01 2.624e-01 5.108e-04 1.378e-04 1.250e-03 -1.000 2.841e-03 10.410 12.168 13.757 10.951
0.0026766 -0.76000 10.07918 0.2423984557 1.8206405717    0.242 -2.051  3.5488  5.019    1  0.000  0.545     0.00     0.00     0.00     0.00     0.00 -1 -3.56e-17      0.00 7.341e-01 2.631e-01 5.108e-04 1.378e-04 1.250e-03 -1.000 2.841e-03 9.897 11.597 13.084 10.411
0.0026766 -0.76000 10.07918 0.2900229692 1.9324903514    0.289 -1.891  3.5579  4.973    1  0.000  0.545     0.00     0.00     0.00     0.00     0.00 -1 -4.64e-17      0.00 7.341e-01 2.631e-01 5.108e-04 1.378e-04 1.250e-03 -1.000 2.841e-03 9.497 11.160 12.583 9.995
0.0026766 -0.76000 10.07918 0.3376474977 2.0226947004    0.337 -1.756  3.5655  4.935    1  0.000  0.545     0.00     0.00     0.00     0.00     0.00 -1 -6.66e-16      0.00 7.409e-01 2.563e-01 5.108e-04 1.378e-04 1.250e-03 -1.000 2.841e-03 9.160 10.794 12.167 9.646
0.0026766 -0.76000 10.07918 0.3852719963 2.0977106069    0.385 -1.613  3.5756  4.891    1  0.000  0.545     0.00     0.00     0.00     0.00     0.00 -1 -1.77e-15      0.00 7.433e-01 2.539e-01 5.108e-04 1.378e-04 1.250e-03 -1.000 2.841e-03 8.804 10.402 11.717 9.275
0.0026766 -0.76000 10.07918 0.4328965545 2.1615470249    0.432 -1.453  3.5892  4.836    1  0.000  0.545     0.00     0.00     0.00     0.00     0.00 -1 -2.57e-15      0.00 7.434e-01 2.538e-01 5.108e-04 1.378e-04 1.250e-03 -1.000 2.841e-03 8.404 9.960 11.204 8.860
0.0026766 -0.76000 10.07918 0.4805210233 2.2168499070    0.480 -1.275  3.6088  4.782    1  0.000  0.545     0.00     0.00     0.00     0.00     0.00 -1 -3.92e-15      0.00 7.434e-01 2.538e-01 5.108e-04 1.378e-04 1.250e-03 -1.000 2.841e-03 7.958 9.464 10.621 8.398
0.0026766 -0.76000 10.07918 0.5281455517 2.2646996507    0.527 -1.074  3.6368  4.733    1  0.000  0.545     0.00     0.00     0.00     0.00     0.00 -1 -6.28e-15      0.00 7.620e-01 2.354e-01 4.691e-04 1.266e-04 1.148e-03 -1.000 2.630e-03 7.454 8.898 9.937 7.883
0.0026766 -0.76000 10.07918 0.5638281107 2.2947849036    0.563 -0.920  3.6609  4.704    1  0.000  0.544     0.00     0.00     0.00     0.00     0.00 -1 -8.96e-15      0.00 7.752e-01 2.223e-01 4.502e-04 1.216e-04 1.103e-03 -1.000 2.499e-03 7.069 8.454 9.391 7.488
0.0026766 -0.76000 10.07918 0.5757700205 2.3039008938    0.575 -0.870  3.6687  4.694    1  0.000  0.544     0.00     0.00     0.00     0.00     0.00 -1    -1e-14      0.00 7.795e-01 2.181e-01 4.441e-04 1.199e-04 1.088e-03 -1.000 2.456e-03 6.945 8.315 9.223 7.364
0.0026766 -0.76000 10.07918 0.6233944893 2.3362956636    0.623 -0.675  3.6994  4.657    1  0.000  0.544     0.00     0.00     0.00     0.00     0.00 -1 -1.58e-14      0.00 7.854e-01 2.122e-01 4.345e-04 1.174e-04 1.066e-03 -1.000 2.429e-03 6.458 7.771 8.585 6.873
0.0026766 -0.76000 10.07918 0.6292788386 2.3399087826    0.629 -0.651  3.7032  4.652    1  0.000  0.544     0.00     0.00     0.00     0.00     0.00 -1 -1.67e-14      0.00 7.862e-01 2.113e-01 4.332e-04 1.170e-04 1.063e-03 -1.000 2.413e-03 6.397 7.706 8.510 6.814
0.0026766 -0.76000 10.07918 0.6441813111 2.3487206094    0.643 -0.589  3.7126  4.639    1  0.000  0.544     0.00     0.00     0.00     0.00     0.00 -1 -1.93e-14      0.00 7.884e-01 2.092e-01 4.300e-04 1.162e-04 1.055e-03 -1.000 2.408e-03 6.244 7.544 8.323 6.665
0.0026766 -0.76000 10.07918 0.6586239934 2.3568244557    0.658 -0.530  3.7217  4.625    1  0.000  0.543     0.00     0.00     0.00     0.00     0.00 -1 -1.43e-14      0.00 7.906e-01 2.070e-01 4.267e-04 1.153e-04 1.047e-03 -1.000 2.399e-03 6.095 7.388 8.145 6.524
0.0026766 -0.76000 10.07918 0.6710191369 2.3634604697    0.670 -0.479  3.7293  4.612    1  0.000  0.543     0.00     0.00     0.00     0.00     0.00 -1 -2.51e-14      0.00 7.925e-01 2.051e-01 4.240e-04 1.146e-04 1.041e-03 -1.000 2.362e-03 5.966 7.256 7.996 6.402
0.0026766 -0.76000 10.07918 0.6730435491 2.3645176133    0.672 -0.470  3.7304  4.609    1  0.000  0.543     0.00     0.00     0.00     0.00     0.00 -1 -2.57e-14      0.00 7.929e-01 2.048e-01 4.232e-04 1.144e-04 1.039e-03 -1.000 2.354e-03 5.946 7.235 7.972 6.382
0.0026766 -0.76000 10.07918 0.6874073744 2.3718131870    0.687 -0.410  3.7385  4.591    1  0.000  0.542     0.00     0.00     0.00     0.00     0.00 -1 -2.98e-14      0.00 7.955e-01 2.022e-01 4.178e-04 1.132e-04 1.029e-03 -1.000 2.321e-03 5.795 7.083 7.802 6.242
0.0026766 -0.76000 10.07918 0.7002696395 2.3780548463    0.700 -0.356  3.7456  4.573    1  0.000  0.541     0.00     0.00     0.00     0.00     0.00 -1 -3.42e-14      0.00 7.979e-01 1.998e-01 4.130e-04 1.122e-04 1.019e-03 -1.000 2.322e-03 5.659 6.947 7.651 6.116
0.0026766 -0.76000 10.07918 0.7124560475 2.3837300606    0.712 -0.303  3.7521  4.554    1  0.000  0.540     0.00     0.00     0.00     0.00     0.00 -1 -6.85e-16      0.00 8.003e-01 1.975e-01 4.083e-04 1.111e-04 1.010e-03 -1.000 2.257e-03 5.528 6.818 7.508 5.996
0.0026766 -0.76000 10.07918 0.7196390629 2.3869718444    0.719 -0.272  3.7558  4.541    1  0.000  0.539     0.00     0.00     0.00     0.00     0.00 -1 -1.49e-14      0.00 8.017e-01 1.961e-01 4.055e-04 1.105e-04 1.005e-03 -1.000 2.252e-03 5.449 6.740 7.422 5.924
0.0026766 -0.76000 10.07918 0.7235960960 2.3887261175    0.723 -0.254  3.7577  4.534    1  0.000  0.539     0.00     0.00     0.00     0.00     0.00 -1  -1.7e-14      0.00 8.026e-01 1.951e-01 4.037e-04 1.100e-04 1.001e-03 -1.000 2.251e-03 5.405 6.698 7.375 5.884
0.0026766 -0.76000 10.07918 0.7341084480 2.3932811062    0.733 -0.207  3.7626  4.512    1  0.000  0.538     0.00     0.00     0.00     0.00     0.00 -1 -2.43e-14      0.00 8.052e-01 1.925e-01 3.989e-04 1.089e-04 9.904e-04 -1.000 2.222e-03 5.287 6.582 7.249 5.776
0.0026766 -0.76000 10.07918 0.7443017364 2.3975568410    0.743 -0.159  3.7671  4.489    1  0.000  0.537     0.00     0.00     0.00     0.00     0.00 -1 -3.44e-14      0.00 8.078e-01 1.899e-01 3.941e-04 1.076e-04 9.798e-04 -1.000 2.224e-03 5.168 6.467 7.124 5.667
0.0026766 -0.76000 10.07918 0.7534716129 2.4012898305    0.752 -0.115  3.7710  4.466    1  0.000  0.536     0.00     0.00     0.00     0.00     0.00 -1    -3e-15      0.00 8.103e-01 1.875e-01 3.896e-04 1.065e-04 9.699e-04 -1.000 2.224e-03 5.058 6.360 7.008 5.566
0.0026766 -0.76000 10.07918 0.7623953819 2.4048236597    0.761 -0.071  3.7747  4.441    1  0.000  0.535     0.00     0.00     0.00     0.00     0.00 -1 -8.16e-16      0.00 8.127e-01 1.851e-01 3.852e-04 1.054e-04 9.600e-04 -1.000 2.209e-03 4.948 6.253 6.894 5.465
0.0026766 -0.76000 10.07918 0.7682590485 2.4070943535    0.767 -0.041  3.7769  4.424    1  0.000  0.535     0.00     0.00     0.00     0.00     0.00 -1 -9.47e-15      0.00 8.144e-01 1.834e-01 3.822e-04 1.047e-04 9.535e-04 -1.000 2.192e-03 4.873 6.179 6.815 5.395
0.0026766 -0.76000 10.07918 0.7710936069 2.4081778021    0.770 -0.026  3.7779  4.414    1  0.000  0.534     0.00     0.00     0.00     0.00     0.00 -1 -1.12e-14      0.00 8.155e-01 1.823e-01 3.803e-04 1.042e-04 9.490e-04 -1.000 2.179e-03 4.836 6.144 6.778 5.360
0.0026766 -0.76000 10.07918 0.7807334065 2.4117948004    0.779  0.026  3.7810  4.380    1  0.000  0.534     0.00     0.00     0.00     0.00     0.00 -1    -2e-14      0.00 8.194e-01 1.784e-01 3.738e-04 1.024e-04 9.332e-04 -1.000 2.147e-03 4.705 6.015 6.642 5.237
0.0026766 -0.76000 10.07918 0.7898069024 2.4151067125    0.788  0.078  3.7836  4.343    1  0.000  0.534     0.00     0.00     0.00     0.00     0.00 -1 -3.49e-14      0.00 8.233e-01 1.746e-01 3.674e-04 1.007e-04 9.181e-04 -1.000 2.063e-03 4.574 5.887 6.509 5.113
0.0026766 -0.76000 10.07918 0.7984147072 2.4181687586    0.797  0.129  3.7856  4.305    1  0.000  0.533     0.00     0.00     0.00     0.00     0.00 -1 -5.94e-14      0.00 8.268e-01 1.711e-01 3.616e-04 9.917e-05 9.041e-04 -1.000 2.028e-03 4.447 5.761 6.378 4.990
0.0026766 -0.76000 10.07918 0.8067072630 2.4210477031    0.805  0.181  3.7871  4.263    1  0.000  0.533     0.00     0.00     0.00     0.00     0.00 -1    -1e-13      0.00 8.292e-01 1.688e-01 3.578e-04 9.818e-05 8.951e-04 -1.000 2.019e-03 4.317 5.632 6.246 4.864
0.0026766 -0.76000 10.07918 0.8123084903 2.4229540898    0.811  0.218  3.7878  4.232    1  0.000  0.533     0.00     0.00     0.00     0.00     0.00 -1 -1.11e-15      0.00 8.301e-01 1.679e-01 3.563e-04 9.779e-05 8.917e-04 -1.000 2.034e-03 4.225 5.541 6.153 4.774
0.0026766 -0.76000 10.07918 0.8160698414 2.4242173951    0.814  0.245  3.7878  4.207    1  0.000  0.533     0.00     0.00     0.00     0.00     0.00 -1 -5.27e-15      0.00 8.304e-01 1.676e-01 3.560e-04 9.770e-05 8.909e-04 -1.000 2.027e-03 4.157 5.473 6.085 4.706
0.0026766 -0.76000 10.07918 0.8168790340 2.4244874262    0.815  0.251  3.7877  4.201    1  0.000  0.533     0.00     0.00     0.00     0.00     0.00 -1 -7.37e-15      0.00 8.305e-01 1.675e-01 3.559e-04 9.769e-05 8.908e-04 -1.000 2.022e-03 4.142 5.458 6.070 4.691
0.0026766 -0.76000 10.07918 0.8209699988 2.4258432335    0.819  0.282  3.7873  4.170    1  0.000  0.533     0.00     0.00     0.00     0.00     0.00 -1 -1.08e-14      0.00 8.306e-01 1.674e-01 3.560e-04 9.769e-05 8.910e-04 -1.000 2.000e-03 4.064 5.380 5.992 4.613
0.0026766 -0.76000 10.07918 0.8273584247 2.4279296462    0.825  0.335  3.7853  4.113    1  0.000  0.532     0.00     0.00     0.00     0.00     0.00 -1 -1.98e-14      0.00 8.300e-01 1.680e-01 3.580e-04 9.826e-05 8.964e-04 -1.000 2.033e-03 3.933 5.247 5.863 4.477
0.0026766 -0.76000 10.07918 0.8296025395 2.4286537929    0.828  0.354  3.7843  4.091    1  0.000  0.532     0.00     0.00     0.00     0.00     0.00 -1 -2.48e-14      0.00 8.294e-01 1.685e-01 3.596e-04 9.873e-05 9.005e-04 -1.000 2.061e-03 3.885 5.198 5.816 4.427
0.0026766 -0.76000 10.07918 0.8332893848 2.4298337577    0.831  0.389  3.7810  4.044    2  0.000  0.532     0.00     0.00     0.00     0.00     0.00 -1 -3.62e-14      0.00 8.254e-01 1.725e-01 3.687e-04 1.012e-04 9.233e-04 -1.000 2.099e-03 3.797 5.108 5.732 4.332
0.0026766 -0.76000 10.07918 0.8371928930 2.4310700481    0.835  0.430  3.7748  3.981    2  0.000  0.532     0.00     0.00     0.00     0.00     0.00 -1 -5.52e-14      0.00 8.139e-01 1.839e-01 3.923e-04 1.077e-04 9.819e-04 -1.000 2.242e-03 3.696 5.003 5.639 4.218
0.0026766 -0.76000 10.07918 0.8401982784 2.4320128960    0.838  0.462  3.7660  3.916    2  0.000  0.534     0.00     0.00     0.00     0.00     0.00 -1 -7.82e-14      0.00 7.938e-01 2.038e-01 4.260e-04 1.168e-04 1.064e-03 -1.000 2.429e-03 3.616 4.918 5.572 4.120
0.0026766 -0.76000 10.07918 0.8420327902 2.4325846154    0.840  0.480  3.7571  3.862    2  0.000  0.535     0.00     0.00     0.00     0.00     0.00 -1 -9.81e-14      0.00 7.805e-01 2.170e-01 4.465e-04 1.223e-04 1.113e-03 -1.000 2.518e-03 3.569 4.868 5.540 4.057
0.0026766 -0.76000 10.07918 0.8435450196 2.4330537469    0.841  0.498  3.7470  3.805    2  0.000  0.536     0.00     0.00     0.00     0.00     0.00 -1 -1.21e-13      0.00 7.712e-01 2.262e-01 4.604e-04 1.260e-04 1.146e-03 -1.000 2.604e-03 3.524 4.822 5.515 3.997
0.0026766 -0.76000 10.07918 0.8447341919 2.4334213015    0.842  0.522  3.7385  3.747    2  0.000  0.536     0.00     0.00     0.00     0.00     0.00 -1 -1.47e-13      0.00 7.655e-01 2.319e-01 4.689e-04 1.282e-04 1.166e-03 -1.000 2.633e-03 3.464 4.763 5.474 3.926
0.0026766 -0.76000 10.07918 0.8457660675 2.4337392752    0.843  0.556  3.7319  3.687    2  0.000  0.537     0.00     0.00     0.00     0.00     0.00 -1 -1.81e-13      0.00 7.614e-01 2.360e-01 4.749e-04 1.298e-04 1.180e-03 -1.000 2.669e-03 3.379 4.680 5.405 3.834
0.0026766 -0.76000 10.07918 0.8467222452 2.4340331271    0.844  0.601  3.7270  3.624    2  0.000  0.537     0.00     0.00     0.00     0.00     0.00 -1  -2.3e-13      0.00 7.580e-01 2.393e-01 4.792e-04 1.310e-04 1.190e-03 -1.000 2.717e-03 3.269 4.573 5.308 3.720
0.0026766 -0.76000 10.07918 0.8468588591 2.4340750489    0.844  0.608  3.7264  3.614    2  0.000  0.537     0.00     0.00     0.00     0.00     0.00 -1 -2.39e-13      0.00 7.575e-01 2.398e-01 4.797e-04 1.311e-04 1.192e-03 -1.000 2.696e-03 3.251 4.556 5.292 3.702
0.0026766 -0.76000 10.07918 0.8476577997 2.4343199033    0.845  0.655  3.7234  3.555    3  0.000  0.537     0.00     0.00     0.00     0.00     0.00 -1 -2.99e-13      0.00 7.548e-01 2.425e-01 4.824e-04 1.319e-04 1.198e-03 -1.000 2.716e-03 3.132 4.439 5.182 3.582
0.0026766 -0.76000 10.07918 0.8483120203 2.4345200098    0.846  0.698  3.7213  3.504    3  0.000  0.537     0.00     0.00     0.00     0.00     0.00 -1 -3.64e-13      0.00 7.526e-01 2.447e-01 4.843e-04 1.324e-04 1.203e-03 -1.000 2.735e-03 3.025 4.333 5.080 3.473
0.0026766 -0.76000 10.07918 0.8490289450 2.4347388885    0.846  0.750  3.7193  3.445    3  0.000  0.536     0.00     0.00     0.00     0.00     0.00 -1 -4.58e-13      0.00 7.501e-01 2.472e-01 4.857e-04 1.330e-04 1.207e-03 -1.000 2.746e-03 2.895 4.205 4.957 3.343
0.0026766 -0.76000 10.07918 0.8495542407 2.4348989928    0.847  0.791  3.7179  3.399    3  0.000  0.536     0.00     0.00     0.00     0.00     0.00 -1 -5.49e-13      0.00 7.481e-01 2.491e-01 4.860e-04 1.336e-04 1.210e-03 -1.000 2.755e-03 2.793 4.104 4.858 3.239
0.0026766 -0.76000 10.07918 0.8501841426 2.4350906799    0.847  0.844  3.7163  3.339    3  0.000  0.534     0.00     0.00     0.00     0.00     0.00 -1 -6.92e-13      0.00 7.457e-01 2.515e-01 4.848e-04 1.349e-04 1.213e-03 -1.000 2.741e-03 2.659 3.972 4.730 3.105
0.0026766 -0.76000 10.07918 0.8506519198 2.4352328192    0.848  0.888  3.7150  3.291    3  0.000  0.530     0.00     0.00     0.00     0.00     0.00 -1 -8.32e-13      0.00 7.439e-01 2.534e-01 4.822e-04 1.374e-04 1.215e-03 -1.000 2.746e-03 2.551 3.865 4.626 2.996
0.0026766 -0.76000 10.07918 0.8510614038 2.4353570979    0.848  0.928  3.7138  3.246    3  0.000  0.527     0.00     0.00     0.00     0.00     0.00 -1 -9.86e-13      0.00 7.423e-01 2.549e-01 4.787e-04 1.409e-04 1.216e-03 -1.000 2.770e-03 2.449 3.765 4.528 2.894
0.0026766 -0.76000 10.07918 0.8514475226 2.4354741595    0.849  0.969  3.7126  3.200    3  0.000  0.522     0.00     0.00     0.00     0.00     0.00 -1 -1.17e-12      0.00 7.408e-01 2.564e-01 4.745e-04 1.455e-04 1.217e-03 -1.000 2.802e-03 2.347 3.663 4.429 2.791
0.0026766 -0.76000 10.07918 0.8518158197 2.4355857042    0.849  1.011  3.7113  3.153    3  0.000  0.517     0.00     0.00     0.00     0.00     0.00 -1 -1.39e-12      0.00 7.396e-01 2.576e-01 4.701e-04 1.505e-04 1.219e-03 -1.000 2.794e-03 2.242 3.560 4.329 2.686
0.0026766 -0.76000 10.07918 0.8521399498 2.4356837804    0.849  1.051  3.7101  3.108    3  0.000  0.513     0.00     0.00     0.00     0.00     0.00 -1 -1.64e-12      0.00 7.386e-01 2.587e-01 4.662e-04 1.553e-04 1.219e-03 -1.000 2.781e-03 2.142 3.461 4.233 2.585
0.0026766 -0.76000 10.07918 0.8524482250 2.4357769797    0.849  1.092  3.7087  3.062    3  0.000  0.509     0.00     0.00     0.00     0.00     0.00 -1 -1.93e-12      0.00 7.376e-01 2.596e-01 4.625e-04 1.599e-04 1.220e-03 -1.000 2.781e-03 2.040 3.360 4.135 2.483
0.0026766 -0.76000 10.07918 0.8527960777 2.4358820512    0.850  1.142  3.7070  3.005    3  0.000  0.505     0.00     0.00     0.00     0.00     0.00 -1 -2.37e-12      0.00 7.367e-01 2.605e-01 4.588e-04 1.644e-04 1.221e-03 -1.000 2.784e-03 1.914 3.237 4.015 2.357
0.0026766 -0.76000 10.07918 0.8530560136 2.4359605024    0.850  1.183  3.7055  2.958    3  0.000  0.502     0.00     0.00     0.00     0.00     0.00 -1 -2.79e-12      0.00 7.361e-01 2.611e-01 4.567e-04 1.672e-04 1.221e-03 -1.000 2.776e-03 1.811 3.136 3.918 2.254
0.0026766 -0.76000 10.07918 0.8533566594 2.4360511718    0.850  1.235  3.7036  2.899    3  0.000  0.500     0.00     0.00     0.00     0.00     0.00 -1 -3.42e-12      0.00 7.356e-01 2.616e-01 4.547e-04 1.697e-04 1.221e-03 -1.000 2.771e-03 1.682 3.009 3.796 2.124
0.0026766 -0.76000 10.07918 0.8536215425 2.4361309949    0.850  1.285  3.7016  2.841    3  0.000  0.498     0.00     0.00     0.00     0.00     0.00 -1 -4.17e-12      0.00 7.353e-01 2.619e-01 4.534e-04 1.713e-04 1.222e-03 -1.000 2.782e-03 1.558 2.887 3.679 1.999
0.0026766 -0.76000 10.07918 0.8538551331 2.4362013407    0.850  1.333  3.6996  2.785    3  0.000  0.498     0.00     0.00     0.00     0.00     0.00 -1 -5.04e-12      0.00 7.351e-01 2.621e-01 4.528e-04 1.721e-04 1.222e-03 -1.000 2.779e-03 1.437 2.769 3.566 1.878
0.0026766 -0.76000 10.07918 0.8540700674 2.4362660290    0.850  1.382  3.6976  2.728    3  0.000  0.498     0.00     0.00     0.00     0.00     0.00 -1 -6.09e-12      0.00 7.351e-01 2.621e-01 4.526e-04 1.723e-04 1.222e-03 -1.000 2.809e-03 1.316 2.651 3.453 1.757
0.0026766 -0.76000 10.07918 0.8542523384 2.4363208575    0.850  1.427  3.6956  2.675    3  0.000  0.497     0.00     0.00     0.00     0.00     0.00 -1 -7.25e-12      0.00 7.351e-01 2.621e-01 4.525e-04 1.724e-04 1.222e-03 -1.000 2.810e-03 1.203 2.542 3.349 1.645
0.0026766 -0.76000 10.07918 0.8544216752 2.4363717711    0.850  1.472  3.6935  2.621    3  0.000  0.497     0.00     0.00     0.00     0.00     0.00 -1 -8.64e-12      0.00 7.350e-01 2.621e-01 4.525e-04 1.725e-04 1.222e-03 -1.000 2.810e-03 1.090 2.432 3.244 1.532
0.0026766 -0.76000 10.07918 0.8545761108 2.4364181842    0.850  1.517  3.6914  2.568    3  0.000  0.497     0.00     0.00     0.00     0.00     0.00 -1 -1.03e-11      0.00 7.350e-01 2.622e-01 4.525e-04 1.726e-04 1.222e-03 -1.000 2.810e-03 0.977 2.323 3.141 1.420
0.0026766 -0.76000 10.07918 0.8547136188 2.4364594937    0.850  1.560  3.6893  2.517    3  0.000  0.497     0.00     0.00     0.00     0.00     0.00 -1 -1.21e-11      0.00 7.350e-01 2.622e-01 4.524e-04 1.726e-04 1.222e-03 -1.000 2.810e-03 0.870 2.219 3.042 1.313
0.0026766 -0.76000 10.07918 0.8548391461 2.4364971908    0.850  1.603  3.6872  2.466    3  0.000  0.497     0.00     0.00     0.00     0.00     0.00 -1 -1.43e-11      0.00 7.350e-01 2.622e-01 4.524e-04 1.727e-04 1.222e-03 -1.000 2.811e-03 0.763 2.117 2.946 1.208
0.0026766 -0.76000 10.07918 0.8549505472 2.4365306349    0.850  1.643  3.6851  2.417    3  0.000  0.497     0.00     0.00     0.00     0.00     0.00 -1 -1.66e-11      0.00 7.350e-01 2.622e-01 4.524e-04 1.727e-04 1.222e-03 -1.000 2.811e-03 0.663 2.020 2.854 1.107
0.0026766 -0.76000 10.07918 0.8550525904 2.4365612609    0.850  1.682  3.6831  2.370    3  0.000  0.497     0.00     0.00     0.00     0.00     0.00 -1 -1.93e-11      0.00 7.350e-01 2.622e-01 4.523e-04 1.727e-04 1.222e-03 -1.000 2.811e-03 0.565 1.926 2.766 1.010
0.0026766 -0.76000 10.07918 0.8551506400 2.4365906803    0.850  1.720  3.6810  2.323    3  0.000  0.497     0.00     0.00     0.00     0.00     0.00 -1 -2.24e-11      0.00 7.350e-01 2.622e-01 4.523e-04 1.728e-04 1.222e-03 -1.000 2.811e-03 0.469 1.834 2.680 0.915
0.0026766 -0.76000 10.07918 0.8552497029 2.4366203960    0.850  1.754  3.6793  2.283    3  0.000  0.497     0.00     0.00     0.00     0.00     0.00 -1 -2.54e-11      0.00 7.350e-01 2.622e-01 4.523e-04 1.728e-04 1.222e-03 -1.000 2.811e-03 0.386 1.754 2.605 0.832
0.0026766 -0.76000 10.07918 0.8553602099 2.4366535351    0.850  1.780  3.6780  2.251    3  0.000  0.497     0.00     0.00     0.00     0.00     0.00 -1 -2.84e-11      0.00 7.350e-01 2.622e-01 4.522e-04 1.729e-04 1.222e-03 -1.000 2.812e-03 0.320 1.690 2.545 0.766
0.0026766 -0.76000 10.07918 0.8554064035 2.4366673849    0.850  1.770  3.6788  2.264    3  0.000  0.497     0.00     0.00     0.00     0.00     0.00 -1 -2.76e-11      0.00 7.350e-01 2.622e-01 4.522e-04 1.729e-04 1.222e-03 -1.000 2.812e-03 0.344 1.713 2.566 0.790
0.0026766 -0.76000 10.07918 0.8554850817 2.4366909701    0.849  1.744  3.6807  2.298    3  0.000  0.497     0.00     0.00     0.00     0.00     0.00 -1 -2.53e-11      0.00 7.350e-01 2.622e-01 4.522e-04 1.729e-04 1.222e-03 -1.000 2.812e-03 0.410 1.775 2.622 0.855
0.0026766 -0.76000 10.07918 0.8554983735 2.4366949541    0.849  1.751  3.6803  2.290    3  0.000  0.497     0.00     0.00     0.00     0.00     0.00 -1 -2.59e-11      0.00 7.350e-01 2.622e-01 4.522e-04 1.729e-04 1.222e-03 -1.000 2.812e-03 0.393 1.759 2.607 0.839
0.0026766 -0.76000 10.07918 0.8555796146 2.4367193016    0.849  1.793  3.6779  2.237    3  0.000  0.497     0.00     0.00     0.00     0.00     0.00 -1 -3.01e-11      0.00 7.350e-01 2.622e-01 4.522e-04 1.730e-04 1.222e-03 -1.000 2.812e-03 0.287 1.657 2.512 0.732
0.0026766 -0.76000 10.07918 0.8556612730 2.4367437688    0.849  1.838  3.6754  2.183    3  0.000  0.497     0.00     0.00     0.00     0.00     0.00 -1 -3.56e-11      0.00 7.350e-01 2.622e-01 4.522e-04 1.730e-04 1.222e-03 -1.000 2.812e-03 0.175 1.550 2.414 0.622
0.0026766 -0.76000 10.07918 0.8557376266 2.4367666416    0.849  1.882  3.6728  2.127    3  0.000  0.497     0.00     0.00     0.00     0.00     0.00 -1 -4.21e-11      0.00 7.350e-01 2.622e-01 4.521e-04 1.730e-04 1.222e-03 -1.000 2.812e-03 0.064 1.444 2.315 0.511
0.0026766 -0.76000 10.07918 0.8558069468 2.4367874035    0.849  1.926  3.6702  2.074    3  0.000  0.497     0.00     0.00     0.00     0.00     0.00 -1 -4.97e-11      0.00 7.349e-01 2.622e-01 4.521e-04 1.731e-04 1.222e-03 -1.000 2.812e-03 -0.045 1.341 2.220 0.403
0.0026766 -0.76000 10.07918 0.8558718562 2.4368068407    0.848  1.970  3.6675  2.019    3  0.000  0.497     0.00     0.00     0.00     0.00     0.00 -1 -5.87e-11      0.00 7.349e-01 2.622e-01 4.521e-04 1.731e-04 1.222e-03 -1.000 2.813e-03 -0.154 1.237 2.125 0.295
0.0026766 -0.76000 10.07918 0.8559291959 2.4368240084    0.848  2.011  3.6649  1.967    3  0.000  0.497     0.00     0.00     0.00     0.00     0.00 -1 -6.87e-11      0.00 7.349e-01 2.622e-01 4.521e-04 1.731e-04 1.222e-03 -1.000 2.813e-03 -0.257 1.138 2.034 0.192
0.0026766 -0.76000 10.07918 0.8559834957 2.4368402635    0.848  2.053  3.6622  1.914    3  0.000  0.497     0.00     0.00     0.00     0.00     0.00 -1 -8.06e-11      0.00 7.349e-01 2.623e-01 4.521e-04 1.731e-04 1.222e-03 -1.000 2.813e-03 -0.363 1.037 1.942 0.086
0.0026766 -0.76000 10.07918 0.8560333252 2.4368551783    0.847  2.095  3.6595  1.861    3  0.000  0.497     0.00     0.00     0.00     0.00     0.00 -1 -9.45e-11      0.00 7.349e-01 2.623e-01 4.520e-04 1.732e-04 1.222e-03 -1.000 2.813e-03 -0.468 0.937 1.852 -0.018
0.0026766 -0.76000 10.07918 0.8560798168 2.4368690922    0.847  2.137  3.6568  1.808    3  0.000  0.497     0.00     0.00     0.00     0.00     0.00 -1 -1.11e-10      0.00 7.349e-01 2.623e-01 4.520e-04 1.732e-04 1.222e-03 -1.000 2.813e-03 -0.573 0.838 1.762 -0.122
0.0026766 -0.76000 10.07918 0.8561211824 2.4368814705    0.846  2.178  3.6541  1.756    3  0.000  0.497     0.00     0.00     0.00     0.00     0.00 -1 -1.29e-10      0.00 7.349e-01 2.623e-01 4.520e-04 1.732e-04 1.222e-03 -1.000 2.813e-03 -0.674 0.744 1.677 -0.221
0.0026766 -0.76000 10.07918 0.8561600447 2.4368930985    0.846  2.219  3.6513  1.704    3  0.000  0.497     0.00     0.00     0.00     0.00     0.00 -1 -1.51e-10      0.00 7.349e-01 2.623e-01 4.520e-04 1.732e-04 1.222e-03 -1.000 2.813e-03 -0.777 0.648 1.591 -0.321
0.0026766 -0.76000 10.07918 0.8561954498 2.4369036910    0.845  2.259  3.6486  1.652    3  0.000  0.497     0.00     0.00     0.00     0.00     0.00 -1 -1.76e-10      0.00 7.349e-01 2.623e-01 4.520e-04 1.732e-04 1.222e-03 -1.000 2.813e-03 -0.877 0.556 1.508 -0.418
0.0026766 -0.76000 10.07918 0.8562284112 2.4369135515    0.845  2.299  3.6458  1.601    3  0.000  0.497     0.00     0.00     0.00     0.00     0.00 -1 -2.05e-10      0.00 7.349e-01 2.623e-01 4.520e-04 1.732e-04 1.222e-03 -1.000 2.813e-03 -0.978 0.464 1.426 -0.514
0.0026766 -0.76000 10.07918 0.8562581539 2.4369224483    0.844  2.338  3.6430  1.550    3  0.000  0.497     0.00     0.00     0.00     0.00     0.00 -1 -2.38e-10      0.00 7.349e-01 2.623e-01 4.520e-04 1.732e-04 1.222e-03 -1.000 2.813e-03 -1.076 0.376 1.347 -0.607
0.0026766 -0.76000 10.07918 0.8562862277 2.4369308453    0.843  2.378  3.6403  1.499    3  0.000  0.497     0.00     0.00     0.00     0.00     0.00 -1 -2.77e-10      0.00 7.349e-01 2.623e-01 4.520e-04 1.733e-04 1.222e-03 -1.000 2.813e-03 -1.175 0.286 1.268 -0.701
0.0026766 -0.76000 10.07918 0.8563123941 2.4369386712    0.843  2.418  3.6374  1.447    3  0.000  0.497     0.00     0.00     0.00     0.00     0.00 -1 -3.22e-10      0.00 7.349e-01 2.623e-01 4.520e-04 1.733e-04 1.222e-03 -1.000 2.813e-03 -1.274 0.198 1.192 -0.795
0.0026766 -0.76000 10.07918 0.8563358188 2.4369456767    0.842  2.456  3.6346  1.398    3  0.000  0.497     0.00     0.00     0.00     0.00     0.00 -1 -3.72e-10      0.00 7.349e-01 2.623e-01 4.520e-04 1.733e-04 1.222e-03 -1.000 2.813e-03 -1.370 0.114 1.120 -0.885
0.0026766 -0.76000 10.07918 0.8563582301 2.4369523786    0.841  2.495  3.6317  1.346    3  0.000  0.497     0.00     0.00     0.00     0.00     0.00 -1 -4.32e-10      0.00 7.349e-01 2.623e-01 4.520e-04 1.733e-04 1.222e-03 -1.000 2.813e-03 -1.468 0.028 1.045 -0.977
0.0026766 -0.76000 10.07918 0.8563827872 2.4369597218    0.840  2.542  3.6283  1.286    3  0.000  0.497    10.71     7.96     5.57     4.32     3.50  3 -5.16e-10      0.00 7.349e-01 2.623e-01 4.519e-04 1.733e-04 1.222e-03 -1.000 2.813e-03 -1.584 -0.073 0.959 -1.084
0.0026766 -0.76000 10.07918 0.8564009070 2.4369651398    0.839  2.578  3.6255  1.237    3  0.000  0.497    11.86     8.69     6.05     4.70     3.81  3 -5.93e-10      0.00 7.349e-01 2.623e-01 4.519e-04 1.733e-04 1.222e-03 -1.000 2.814e-03 -1.676 -0.152 0.893 -1.169
0.0026766 -0.76000 10.07918 0.8564186692 2.4369704506    0.838  2.617  3.6226  1.187    3  0.000  0.497    13.19     9.52     6.60     5.13     4.16  3 -6.86e-10      0.00 7.349e-01 2.623e-01 4.519e-04 1.733e-04 1.222e-03 -1.000 2.814e-03 -1.771 -0.234 0.824 -1.257
0.0026766 -0.76000 10.07918 0.8564377427 2.4369761532    0.836  2.661  3.6193  1.129    3  0.000  0.497    14.91    10.57     7.30     5.68     4.61  3 -8.12e-10      0.00 7.349e-01 2.623e-01 4.519e-04 1.733e-04 1.222e-03 -1.000 2.814e-03 -1.882 -0.329 0.744 -1.358
0.0026766 -0.76000 10.07918 0.8564523458 2.4369805190    0.835  2.697  3.6165  1.081    3  0.000  0.497    16.49    11.52     7.92     6.18     5.01  3 -9.33e-10      0.00 7.349e-01 2.623e-01 4.519e-04 1.733e-04 1.222e-03 -1.000 2.814e-03 -1.973 -0.406 0.681 -1.441
0.0026766 -0.76000 10.07918 0.8564662337 2.4369846708    0.834  2.733  3.6136  1.032    3  0.000  0.497    18.26    12.58     8.61     6.73     5.45  2 -1.07e-09      0.00 7.349e-01 2.623e-01 4.519e-04 1.733e-04 1.222e-03 -1.000 2.814e-03 -2.064 -0.482 0.618 -1.523
0.0026766 -0.76000 10.07918 0.8564816713 2.4369892858    0.832  2.777  3.6102  0.974    3  0.000  0.497    20.64    13.96     9.52     7.44     6.04  2 -1.27e-09      0.00 7.349e-01 2.623e-01 4.519e-04 1.733e-04 1.222e-03 -1.000 2.814e-03 -2.172 -0.572 0.545 -1.621
0.0026766 -0.76000 10.07918 0.8564959764 2.4369935620    0.830  2.820  3.6068  0.916    3  0.000  0.497    23.29    15.48    10.50     8.23     6.68  2 -1.49e-09      0.00 7.349e-01 2.623e-01 4.519e-04 1.733e-04 1.222e-03 -1.000 2.814e-03 -2.280 -0.661 0.475 -1.718
0.0026766 -0.76000 10.07918 0.8565071225 2.4369968938    0.828  2.855  3.6041  0.869    3  0.000  0.497    25.74    16.86    11.40     8.94     7.26  2 -1.71e-09      0.00 7.349e-01 2.623e-01 4.519e-04 1.733e-04 1.222e-03 -1.000 2.814e-03 -2.369 -0.734 0.418 -1.797
0.0026766 -0.76000 10.07918 0.8565191031 2.4370004749    0.826  2.896  3.6007  0.813    3  0.000  0.497    28.91    18.62    12.53     9.85     7.99  2 -2.01e-09      0.00 7.349e-01 2.623e-01 4.519e-04 1.734e-04 1.222e-03 -1.000 2.814e-03 -2.471 -0.817 0.354 -1.888
0.0026766 -0.76000 10.07918 0.8565304875 2.4370038777    0.823  2.938  3.5973  0.757    3  0.000  0.497    32.56    20.62    13.80    10.87     8.82  2 -2.36e-09      0.00 7.349e-01 2.623e-01 4.519e-04 1.734e-04 1.222e-03 -1.000 2.814e-03 -2.575 -0.900 0.291 -1.979
0.0026766 -0.76000 10.07918 0.8565409184 2.4370069954    0.821  2.978  3.5940  0.702    3  0.000  0.497    36.55    22.76    15.17    11.96     9.71  1 -2.76e-09      0.00 7.349e-01 2.623e-01 4.519e-04 1.734e-04 1.222e-03 -1.000 2.814e-03 -2.676 -0.981 0.231 -2.068
0.0026766 -0.76000 10.07918 0.8565506935 2.4370099171    0.818  3.019  3.5908  0.647    3  0.000  0.497    41.01    25.11    16.66    13.16    10.68  1 -3.22e-09      0.00 7.349e-01 2.623e-01 4.519e-04 1.734e-04 1.222e-03 -1.000 2.814e-03 -2.777 -1.061 0.171 -2.156
0.0026766 -0.76000 10.07918 0.8565595150 2.4370125536    0.815  3.057  3.5875  0.594    3  0.000  0.497    45.86    27.61    18.24    14.43    11.72  1 -3.75e-09      0.00 7.349e-01 2.623e-01 4.519e-04 1.734e-04 1.222e-03 -1.000 2.814e-03 -2.873 -1.136 0.119 -2.239
0.0026766 -0.76000 10.07918 0.8565678000 2.4370150298    0.811  3.096  3.5842  0.540    3  0.000  0.497    51.30    30.38    19.99    15.83    12.86  1 -4.36e-09      0.00 7.349e-01 2.623e-01 4.519e-04 1.734e-04 1.222e-03 -1.000 2.814e-03 -2.969 -1.209 0.068 -2.321
0.0026766 -0.76000 10.07918 0.8565754890 2.4370173277    0.808  3.133  3.5810  0.488    3  0.000  0.497    57.22    33.34    21.84    17.32    14.08  1 -5.04e-09      0.00 7.349e-01 2.623e-01 4.519e-04 1.734e-04 1.222e-03 -1.000 2.814e-03 -3.062 -1.280 0.020 -2.401
0.0026766 -0.76000 10.07918 0.8565827012 2.4370194832    0.804  3.170  3.5777  0.436    3  0.000  0.497    63.86    36.61    23.87    18.97    15.42  1 -5.84e-09      0.00 7.349e-01 2.623e-01 4.519e-04 1.734e-04 1.222e-03 -1.000 2.814e-03 -3.155 -1.349 -0.020 -2.479
0.0026766 -0.76000 10.07918 0.8565891981 2.4370214248    0.799  3.206  3.5746  0.385    3  0.000  0.497    70.98    40.04    26.01    20.69    16.82  1 -6.72e-09      0.00 7.349e-01 2.623e-01 4.519e-04 1.734e-04 1.222e-03 -1.000 2.814e-03 -3.244 -1.412 -0.055 -2.552
0.0026766 -0.76000 10.07918 0.8565952182 2.4370232238    0.795  3.240  3.5714  0.336    3  0.000  0.497    78.65    43.69    28.26    22.52    18.31  1  -7.7e-09      0.00 7.349e-01 2.623e-01 4.519e-04 1.734e-04 1.222e-03 -1.000 2.814e-03 -3.329 -1.472 -0.086 -2.622
0.0026766 -0.76000 10.07918 0.8566008210 2.4370248982    0.790  3.273  3.5683  0.288    3  0.000  0.497    87.05    47.61    30.67    24.48    19.91  1 -8.81e-09      0.00 7.349e-01 2.623e-01 4.519e-04 1.734e-04 1.222e-03 -1.000 2.814e-03 -3.412 -1.528 -0.110 -2.688
0.0026766 -0.76000 10.07918 0.8566061854 2.4370265013    0.785  3.306  3.5651  0.240    3  0.000  0.497    96.34    51.87    33.29    26.60    21.64  1 -1.01e-08      0.00 7.349e-01 2.623e-01 4.519e-04 1.734e-04 1.222e-03 -1.000 2.814e-03 -3.494 -1.583 -0.130 -2.754
0.0026766 -0.76000 10.07918 0.8566112518 2.4370280153    0.779  3.337  3.5622  0.194    3  0.000  0.497   106.07    56.26    35.96    28.79    23.42  1 -1.14e-08      0.00 7.349e-01 2.623e-01 4.519e-04 1.734e-04 1.222e-03 -1.000 2.814e-03 -3.572 -1.635 -0.149 -2.816
0.0026766 -0.76000 10.07918 0.8566150665 2.4370291553    0.775  3.359  3.5601  0.161    3  0.000  0.497   113.72    59.65    38.03    30.47    24.79  1 -1.26e-08      0.00 7.349e-01 2.623e-01 4.519e-04 1.734e-04 1.222e-03 -1.000 2.814e-03 -3.628 -1.672 -0.162 -2.861
0.0026766 -0.76000 10.07918 0.8566150665 2.4370291553    0.773  1.720  3.7183  2.432    4  0.000  0.505     0.00     0.00     0.00     0.00     0.00 -1    -1e-30      0.00 7.350e-01 2.622e-01 4.619e-04 1.629e-04 1.224e-03 -1.000 2.783e-03 0.470 1.783 2.534 0.920
0.0026766 -0.76000 10.07918 0.8566806316 2.4370487463    0.773  1.734  3.7173  2.414    4  0.000  0.505     0.00     0.00     0.00     0.00     0.00 -1    -1e-30      0.00 7.350e-01 2.622e-01 4.619e-04 1.629e-04 1.224e-03 -1.000 2.783e-03 0.435 1.749 2.503 0.884
0.0026766 -0.76000 10.07918 0.8567461967 2.4370683339    0.773  1.737  3.7172  2.410    4  0.000  0.505     0.00     0.00     0.00     0.00     0.00 -1    -1e-30      0.00 7.350e-01 2.622e-01 4.619e-04 1.629e-04 1.224e-03 -1.000 2.783e-03 0.427 1.740 2.495 0.875
0.0026766 -0.76000 10.07918 0.8568072915 2.4370865828    0.774  1.739  3.7173  2.409    4  0.000  0.505     0.00     0.00     0.00     0.00     0.00 -1    -1e-30      0.00 7.350e-01 2.622e-01 4.619e-04 1.629e-04 1.224e-03 -1.000 2.783e-03 0.424 1.737 2.491 0.872
0.0026766 -0.76000 10.07918 0.8568686843 2.4371049178    0.774  1.739  3.7177  2.411    4  0.000  0.505     0.00     0.00     0.00     0.00     0.00 -1    -1e-30      0.00 7.350e-01 2.622e-01 4.619e-04 1.629e-04 1.224e-03 -1.000 2.783e-03 0.423 1.736 2.490 0.872
0.0026766 -0.76000 10.07918 0.8569308519 2.4371234811    0.774  1.738  3.7182  2.414    4  0.000  0.505     0.00     0.00     0.00     0.00     0.00 -1    -1e-30      0.00 7.350e-01 2.622e-01 4.619e-04 1.629e-04 1.224e-03 -1.000 2.783e-03 0.426 1.738 2.490 0.875
0.0026766 -0.76000 10.07918 0.8569943309 2.4371424327    0.774  1.736  3.7189  2.418    4  0.000  0.505     0.00     0.00     0.00     0.00     0.00 -1    -1e-30      0.00 7.350e-01 2.622e-01 4.619e-04 1.629e-04 1.224e-03 -1.000 2.783e-03 0.429 1.741 2.492 0.879
0.0026766 -0.76000 10.07918 0.8570576310 2.4371613278    0.774  1.734  3.7196  2.423    4  0.000  0.505     0.00     0.00     0.00     0.00     0.00 -1    -1e-30      0.00 7.350e-01 2.622e-01 4.619e-04 1.629e-04 1.224e-03 -1.000 2.783e-03 0.434 1.745 2.494 0.884
0.0026766 -0.76000 10.07918 0.8571198583 2.4371798995    0.774  1.733  3.7203  2.427    4  0.000  0.505     0.00     0.00     0.00     0.00     0.00 -1    -1e-30      0.00 7.350e-01 2.622e-01 4.619e-04 1.629e-04 1.224e-03 -1.000 2.783e-03 0.438 1.749 2.496 0.889
0.0026766 -0.76000 10.07918 0.8571851254 2.4371993750    0.774  1.731  3.7210  2.431    4  0.000  0.505     0.00     0.00     0.00     0.00     0.00 -1    -1e-30      0.00 7.350e-01 2.622e-01 4.619e-04 1.629e-04 1.224e-03 -1.000 2.783e-03 0.442 1.753 2.498 0.894
0.0026766 -0.76000 10.07918 0.8572012186 2.4372041767    0.774  1.731  3.7211  2.433    4  0.000  0.505     0.00     0.00     0.00     0.00     0.00 -1    -1e-30      0.00 7.350e-01 2.622e-01 4.619e-04 1.629e-04 1.224e-03 -1.000 2.783e-03 0.443 1.754 2.499 0.895
0.0026766 -0.76000 10.07918 0.8572292328 2.4372125347    0.774  1.730  3.7214  2.434    4  0.000  0.505     0.00     0.00     0.00     0.00     0.00 -1    -1e-30      0.00 7.350e-01 2.622e-01 4.619e-04 1.629e-04 1.224e-03 -1.000 2.783e-03 0.445 1.755 2.499 0.897
0.0026766 -0.76000 10.07918 0.8572903275 2.4372307600    0.774  1.729  3.7220  2.438    4  0.000  0.505     0.00     0.00     0.00     0.00     0.00 -1    -1e-30      0.00 7.350e-01 2.622e-01 4.619e-04 1.629e-04 1.224e-03 -1.000 2.783e-03 0.448 1.758 2.501 0.901
0.0026766 -0.76000 10.07918 0.8573498726 2.4372485201    0.774  1.728  3.7226  2.441    4  0.000  0.505     0.00     0.00     0.00     0.00     0.00 -1    -1e-30      0.00 7.350e-01 2.622e-01 4.619e-04 1.629e-04 1.224e-03 -1.000 2.783e-03 0.451 1.761 2.502 0.904
0.0026766 -0.76000 10.07918 0.8574081659 2.4372659042    0.774  1.727  3.7230  2.444    4  0.000  0.505     0.00     0.00     0.00     0.00     0.00 -1    -1e-30      0.00 7.350e-01 2.622e-01 4.619e-04 1.629e-04 1.224e-03 -1.000 2.783e-03 0.453 1.763 2.503 0.906
0.0026766 -0.76000 10.07918 0.8574650288 2.4372828590    0.774  1.726  3.7235  2.447    4  0.000  0.505     0.00     0.00     0.00     0.00     0.00 -1    -1e-30      0.00 7.350e-01 2.622e-01 4.619e-04 1.629e-04 1.224e-03 -1.000 2.783e-03 0.455 1.764 2.503 0.908
0.0026766 -0.76000 10.07918 0.8574712873 2.4372847250    0.774  1.726  3.7235  2.447    4  0.000  0.505     0.00     0.00     0.00     0.00     0.00 -1    -1e-30      0.00 7.350e-01 2.622e-01 4.619e-04 1.629e-04 1.224e-03 -1.000 2.783e-03 0.455 1.764 2.503 0.909
0.0026766 -0.76000 10.07918 0.8574830890 2.4372882435    0.774  1.726  3.7236  2.447    4  0.000  0.505     0.00     0.00     0.00     0.00     0.00 -1    -1e-30      0.00 7.350e-01 2.622e-01 4.619e-04 1.629e-04 1.224e-03 -1.000 2.783e-03 0.455 1.764 2.503 0.909
0.0026766 -0.76000 10.07918 0.8575412631 2.4373055858    0.774  1.726  3.7239  2.449    4  0.000  0.505     0.00     0.00     0.00     0.00     0.00 -1    -1e-30      0.00 7.350e-01 2.622e-01 4.619e-04 1.629e-04 1.224e-03 -1.000 2.783e-03 0.456 1.765 2.503 0.910
0.0026766 -0.76000 10.07918 0.8575977087 2.4373224103    0.774  1.726  3.7241  2.450    4  0.000  0.505     0.00     0.00     0.00     0.00     0.00 -1    -1e-30      0.00 7.350e-01 2.622e-01 4.619e-04 1.629e-04 1.224e-03 -1.000 2.783e-03 0.456 1.765 2.503 0.910
0.0026766 -0.76000 10.07918 0.8576564193 2.4373399071    0.774  1.726  3.7243  2.450    4  0.000  0.505     0.00     0.00     0.00     0.00     0.00 -1    -1e-30      0.00 7.350e-01 2.622e-01 4.619e-04 1.629e-04 1.224e-03 -1.000 2.783e-03 0.455 1.764 2.501 0.910
0.0026766 -0.76000 10.07918 0.8577157855 2.4373575965    0.775  1.726  3.7244  2.450    4  0.000  0.505     0.00     0.00     0.00     0.00     0.00 -1    -1e-30      0.00 7.350e-01 2.622e-01 4.619e-04 1.629e-04 1.224e-03 -1.000 2.784e-03 0.454 1.763 2.500 0.908
0.0026766 -0.76000 10.07918 0.8577722311 2.4373744131    0.775  1.727  3.7244  2.449    4  0.000  0.505     0.00     0.00     0.00     0.00     0.00 -1    -1e-30      0.00 7.350e-01 2.622e-01 4.619e-04 1.629e-04 1.224e-03 -1.000 2.784e-03 0.452 1.760 2.498 0.906
0.0026766 -0.76000 10.07918 0.8578331470 2.4373925586    0.775  1.729  3.7242  2.447    4  0.000  0.505     0.00     0.00     0.00     0.00     0.00 -1    -1e-30      0.00 7.350e-01 2.622e-01 4.618e-04 1.629e-04 1.224e-03 -1.000 2.784e-03 0.448 1.757 2.494 0.903
0.0026766 -0.76000 10.07918 0.8578926921 2.4374102929    0.775  1.731  3.7240  2.445    4  0.000  0.505     0.00     0.00     0.00     0.00     0.00 -1    -1e-30      0.00 7.350e-01 2.622e-01 4.618e-04 1.630e-04 1.224e-03 -1.000 2.784e-03 0.444 1.752 2.491 0.898
0.0026766 -0.76000 10.07918 0.8579044938 2.4374138075    0.775  1.731  3.7239  2.444    4  0.000  0.505     0.00     0.00     0.00     0.00     0.00 -1    -1e-30      0.00 7.350e-01 2.622e-01 4.618e-04 1.630e-04 1.224e-03 -1.000 2.784e-03 0.442 1.751 2.490 0.896
0.0026766 -0.76000 10.07918 0.8579581976 2.4374297992    0.775  1.733  3.7236  2.440    4  0.000  0.505     0.00     0.00     0.00     0.00     0.00 -1    -1e-30      0.00 7.350e-01 2.622e-01 4.618e-04 1.630e-04 1.224e-03 -1.000 2.784e-03 0.437 1.746 2.485 0.891
0.0026766 -0.76000 10.07918 0.8580139279 2.4374463919    0.775  1.736  3.7232  2.436    4  0.000  0.505     0.00     0.00     0.00     0.00     0.00 -1    -1e-30      0.00 7.350e-01 2.622e-01 4.618e-04 1.630e-04 1.224e-03 -1.000 2.784e-03 0.430 1.739 2.479 0.883
0.0026766 -0.76000 10.07918 0.8580722213 2.4374637450    0.775  1.739  3.7227  2.431    4  0.000  0.505     0.00     0.00     0.00     0.00     0.00 -1    -1e-30      0.00 7.350e-01 2.622e-01 4.618e-04 1.630e-04 1.224e-03 -1.000 2.784e-03 0.422 1.731 2.472 0.875
0.0026766 -0.76000 10.07918 0.8581280708 2.4374803681    0.775  1.743  3.7222  2.425    4  0.000  0.505     0.00     0.00     0.00     0.00     0.00 -1    -1e-30      0.00 7.350e-01 2.622e-01 4.618e-04 1.630e-04 1.224e-03 -1.000 2.784e-03 0.412 1.722 2.465 0.865
0.0026766 -0.76000 10.07918 0.8581818342 2.4374963679    0.775  1.747  3.7215  2.418    4  0.000  0.505     0.00     0.00     0.00     0.00     0.00 -1    -1e-30      0.00 7.350e-01 2.622e-01 4.618e-04 1.630e-04 1.224e-03 -1.000 2.784e-03 0.402 1.712 2.456 0.853
0.0026766 -0.76000 10.07918 0.8582355976 2.4375123654    0.775  1.752  3.7208  2.411    4  0.000  0.505     0.00     0.00     0.00     0.00     0.00 -1    -1e-30      0.00 7.350e-01 2.622e-01 4.618e-04 1.630e-04 1.224e-03 -1.000 2.784e-03 0.391 1.701 2.447 0.842
0.0026766 -0.76000 10.07918 0.8582903147 2.4375286444    0.775  1.756  3.7202  2.404    4  0.000  0.505     0.00     0.00     0.00     0.00     0.00 -1    -1e-30      0.00 7.350e-01 2.622e-01 4.618e-04 1.630e-04 1.224e-03 -1.000 2.784e-03 0.380 1.690 2.438 0.830
0.0026766 -0.76000 10.07918 0.8583441377 2.4375446550    0.775  1.757  3.7202  2.404    4  0.000  0.505     0.00     0.00     0.00     0.00     0.00 -1    -1e-30      0.00 7.350e-01 2.623e-01 4.618e-04 1.630e-04 1.224e-03 -1.000 2.784e-03 0.379 1.689 2.436 0.829
0.0026766 -0.76000 10.07918 0.8584029078 2.4375621345    0.775  1.764  3.7192  2.393    4  0.000  0.505     0.00     0.00     0.00     0.00     0.00 -1    -1e-30      0.00 7.350e-01 2.623e-01 4.618e-04 1.630e-04 1.224e-03 -1.000 2.785e-03 0.361 1.672 2.422 0.810
0.0026766 -0.76000 10.07918 0.8584580421 2.4375785302    0.775  1.777  3.7173  2.372    4  0.000  0.505     0.00     0.00     0.00     0.00     0.00 -1    -1e-30      0.00 7.350e-01 2.623e-01 4.618e-04 1.630e-04 1.224e-03 -1.000 2.785e-03 0.329 1.641 2.396 0.776
0.0026766 -0.76000 10.07918 0.8585139513 2.4375951539    0.775  1.796  3.7147  2.343    4  0.000  0.505     0.00     0.00     0.00     0.00     0.00 -1    -1e-30      0.00 7.350e-01 2.623e-01 4.618e-04 1.630e-04 1.224e-03 -1.000 2.785e-03 0.281 1.595 2.356 0.726
0.0026766 -0.76000 10.07918 0.8585683703 2.4376113321    0.776  1.827  3.7108  2.296    4  0.000  0.505     0.00     0.00     0.00     0.00     0.00 -1    -1e-30      0.00 7.350e-01 2.623e-01 4.618e-04 1.630e-04 1.224e-03 -1.000 2.785e-03 0.203 1.521 2.292 0.646
0.0026766 -0.76000 10.07918 0.8586007953 2.4376209705    0.776  1.861  3.7066  2.245    4  0.000  0.505     0.00     0.00     0.00     0.00     0.00 -1    -1e-30      0.00 7.349e-01 2.623e-01 4.618e-04 1.630e-04 1.224e-03 -1.000 2.785e-03 0.118 1.440 2.221 0.558
0.0026766 -0.76000 10.07918 0.8586163521 2.4376255946    0.776  1.894  3.7026  2.196    4  0.000  0.505     0.00     0.00     0.00     0.00     0.00 -1    -1e-30      0.00 7.349e-01 2.623e-01 4.618e-04 1.630e-04 1.224e-03 -1.000 2.785e-03 0.034 1.360 2.152 0.473
0.0026766 -0.76000 10.07918 0.8586246967 2.4376280748    0.776  1.932  3.6982  2.140    4  0.000  0.505     0.00     0.00     0.00     0.00     0.00 -1    -1e-30      0.00 7.349e-01 2.623e-01 4.618e-04 1.630e-04 1.224e-03 -1.000 2.785e-03 -0.060 1.271 2.075 0.377
0.0026766 -0.76000 10.07918 0.8586286306 2.4376292441    0.776  1.968  3.6942  2.088    4  0.000  0.505     0.00     0.00     0.00     0.00     0.00 -1    -1e-30      0.00 7.349e-01 2.623e-01 4.618e-04 1.630e-04 1.224e-03 -1.000 2.785e-03 -0.149 1.187 2.002 0.287
0.0026766 -0.76000 10.07918 0.8586307168 2.4376298641    0.776  2.003  3.6904  2.039    4  0.000  0.505     0.00     0.00     0.00     0.00     0.00 -1    -1e-30      0.00 7.349e-01 2.623e-01 4.618e-04 1.630e-04 1.224e-03 -1.000 2.785e-03 -0.236 1.106 1.930 0.199
0.0026766 -0.76000 10.07918 0.8586319685 2.4376302361    0.776  2.033  3.6871  1.995    4  0.000  0.505     0.00     0.00     0.00     0.00     0.00 -1    -1e-30      0.00 7.349e-01 2.623e-01 4.618e-04 1.630e-04 1.224e-03 -1.000 2.785e-03 -0.314 1.035 1.868 0.123
0.0026766 -0.76000 10.07918 0.8586325645 2.4376304133    0.776  2.052  3.6852  1.968    7  0.000  0.505     0.00     0.00     0.00     0.00     0.00 -1 -2.42e-15      0.00 7.349e-01 2.611e-01 4.618e-04 1.630e-04 1.224e-03 -1.000 3.996e-03 -0.360 0.992 1.830 0.077
0.0026766 -0.76000 10.07918 0.8586327434 2.4376304664    0.776  2.058  3.6846  1.960    7  0.000  0.505     0.00     0.00     0.00     0.00     0.00 -1 -4.63e-14      0.00 7.349e-01 2.610e-01 4.618e-04 1.630e-04 1.224e-03 -1.000 4.087e-03 -0.375 0.977 1.818 0.061
0.0026766 -0.76000 10.07918 0.8586339355 2.4376308207    0.775  2.106  3.6799  1.894    7  0.000  0.505     0.00     0.00     0.00     0.00     0.00 -1 -1.34e-09      0.00 7.349e-01 2.607e-01 4.618e-04 1.630e-04 1.224e-03 -1.000 4.397e-03 -0.494 0.863 1.717 -0.060
0.0026766 -0.76000 10.07918 0.8586350083 2.4376311396    0.775  2.145  3.6762  1.840    7  0.000  0.505     0.00     0.00     0.00     0.00     0.00 -1 -1.66e-09      0.00 7.349e-01 2.607e-01 4.618e-04 1.630e-04 1.224e-03 -1.000 4.397e-03 -0.591 0.770 1.636 -0.159
0.0026766 -0.76000 10.07918 0.8586375713 2.4376319014    0.775  2.160  3.6748  1.819    7  0.000  0.505     0.00     0.00     0.00     0.00     0.00 -1 -1.81e-09      0.00 7.349e-01 2.607e-01 4.618e-04 1.630e-04 1.224e-03 -1.000 4.397e-03 -0.630 0.734 1.605 -0.197
0.0026766 -0.76000 10.07918 0.8586410284 2.4376329289    0.775  2.129  3.6778  1.861    7  0.000  0.505     0.00     0.00     0.00     0.00     0.00 -1 -1.53e-09      0.00 7.349e-01 2.607e-01 4.618e-04 1.630e-04 1.224e-03 -1.000 4.397e-03 -0.552 0.808 1.668 -0.119
0.0026766 -0.76000 10.07918 0.8586769700 2.4376436105    0.773  2.138  3.6768  1.847    7  0.000  0.505     0.00     0.00     0.00     0.00     0.00 -1 -1.62e-09      0.00 7.349e-01 2.607e-01 4.618e-04 1.630e-04 1.224e-03 -1.000 4.397e-03 -0.575 0.786 1.650 -0.142
0.0026766 -0.76000 10.07918 0.8587009907 2.4376507488    0.771  2.181  3.6726  1.787    7  0.000  0.505     0.00     0.00     0.00     0.00     0.00 -1 -2.06e-09      0.00 7.349e-01 2.607e-01 4.618e-04 1.630e-04 1.224e-03 -1.000 4.397e-03 -0.682 0.685 1.562 -0.250
0.0026766 -0.76000 10.07918 0.8587159514 2.4376551945    0.769  2.218  3.6690  1.734    7  0.000  0.505     0.00     0.00     0.00     0.00     0.00 -1 -2.55e-09      0.00 7.349e-01 2.607e-01 4.618e-04 1.630e-04 1.224e-03 -1.000 4.397e-03 -0.774 0.599 1.487 -0.342
0.0026766 -0.76000 10.07918 0.8587297797 2.4376593035    0.767  2.253  3.6657  1.685    7  0.000  0.505     0.00     0.00     0.00     0.00     0.00 -1 -3.11e-09      0.00 7.349e-01 2.607e-01 4.618e-04 1.630e-04 1.224e-03 -1.000 4.397e-03 -0.863 0.518 1.417 -0.429
0.0026766 -0.76000 10.07918 0.8587455153 2.4376639790    0.765  2.291  3.6622  1.632    7  0.000  0.505     0.00     0.00     0.00     0.00     0.00 -1 -3.89e-09      0.00 7.349e-01 2.607e-01 4.618e-04 1.631e-04 1.224e-03 -1.000 4.396e-03 -0.957 0.431 1.341 -0.521
0.0026766 -0.76000 10.07918 0.8587600589 2.4376683002    0.762  2.329  3.6587  1.578    7  0.000  0.505     0.00     0.00     0.00     0.00     0.00 -1 -4.83e-09      0.00 7.349e-01 2.607e-01 4.618e-04 1.631e-04 1.224e-03 -1.000 4.397e-03 -1.052 0.345 1.267 -0.613
0.0026766 -0.76000 10.07918 0.8587731719 2.4376721962    0.759  2.366  3.6552  1.525    7  0.000  0.505     0.00     0.00     0.00     0.00     0.00 -1 -5.99e-09      0.00 7.349e-01 2.607e-01 4.618e-04 1.631e-04 1.224e-03 -1.000 4.397e-03 -1.146 0.260 1.194 -0.703
0.0026766 -0.76000 10.07918 0.8587850928 2.4376757379    0.755  2.404  3.6518  1.472    7  0.000  0.505     0.00     0.00     0.00     0.00     0.00 -1 -7.47e-09      0.00 7.349e-01 2.607e-01 4.618e-04 1.631e-04 1.224e-03 -1.000 4.353e-03 -1.239 0.177 1.123 -0.792
0.0026766 -0.76000 10.07918 0.8587959409 2.4376789608    0.751  2.441  3.6484  1.418    7  0.000  0.505     0.00     0.00     0.00     0.00     0.00 -1 -9.26e-09      0.00 7.349e-01 2.607e-01 4.618e-04 1.631e-04 1.224e-03 -1.000 4.341e-03 -1.333 0.095 1.054 -0.880
0.0026766 -0.76000 10.07918 0.8588056564 2.4376818471    0.747  2.478  3.6450  1.365    7  0.000  0.505     0.00     0.00     0.00     0.00     0.00 -1 -1.14e-08      0.00 7.349e-01 2.607e-01 4.616e-04 1.631e-04 1.224e-03 -1.000 4.340e-03 -1.425 0.016 0.987 -0.966
0.0026766 -0.76000 10.07918 0.8588144183 2.4376844501    0.742  2.515  3.6417  1.313    7  0.000  0.504     9.74     7.35     5.14     4.00     3.24  3  -1.4e-08      0.00 7.349e-01 2.607e-01 4.610e-04 1.633e-04 1.224e-03 -1.000 4.334e-03 -1.516 -0.063 0.922 -1.051
0.0026766 -0.76000 10.07918 0.8588185310 2.4376856718    0.739  2.533  3.6399  1.286    7  0.000  0.503    10.30     7.71     5.38     4.19     3.39  3 -1.56e-08      0.00 7.350e-01 2.607e-01 4.606e-04 1.636e-04 1.224e-03 -1.000 4.302e-03 -1.562 -0.102 0.889 -1.093
0.0026766 -0.76000 10.07918 0.8588261604 2.4376879382    0.733  2.569  3.6366  1.233    7  0.000  0.501    11.49     8.46     5.88     4.59     3.71  3 -1.94e-08      0.00 7.350e-01 2.608e-01 4.586e-04 1.651e-04 1.224e-03 -1.000 4.211e-03 -1.652 -0.178 0.827 -1.176
0.0026766 -0.76000 10.07918 0.8588334322 2.4376900984    0.726  2.605  3.6292  1.163    7  0.000  0.497    13.31     9.59     6.62     5.18     4.19  2 -2.42e-08      0.00 7.349e-01 2.608e-01 4.555e-04 1.683e-04 1.224e-03 -1.000 4.228e-03 -1.743 -0.238 0.796 -1.249
0.0026766 -0.76000 10.07918 0.8588404059 2.4376921700    0.718  2.642  3.6242  1.101    7  0.000  0.492    15.14    10.69     7.35     5.76     4.66  2 -3.02e-08      0.00 7.349e-01 2.608e-01 4.512e-04 1.731e-04 1.224e-03 -1.000 4.237e-03 -1.836 -0.307 0.749 -1.328
0.0026766 -0.76000 10.07918 0.8588472605 2.4376942061    0.707  2.680  3.6202  1.041    7  0.000  0.486    17.13    11.87     8.12     6.37     5.16  2 -3.82e-08      0.00 7.349e-01 2.609e-01 4.466e-04 1.786e-04 1.224e-03 -1.000 4.217e-03 -1.929 -0.381 0.692 -1.410
0.0026766 -0.76000 10.07918 0.8588535786 2.4376960828    0.695  2.716  3.6169  0.984    7  0.000  0.482    19.25    13.09     8.91     7.01     5.68  2 -4.81e-08      0.00 7.349e-01 2.610e-01 4.422e-04 1.840e-04 1.224e-03 -1.000 4.152e-03 -2.019 -0.454 0.635 -1.490
0.0026766 -0.76000 10.07918 0.8588597775 2.4376979242    0.680  2.752  3.6136  0.925    7  0.000  0.477    21.73    14.49     9.81     7.74     6.27  2 -6.17e-08      0.00 7.348e-01 2.610e-01 4.383e-04 1.888e-04 1.224e-03 -1.000 4.198e-03 -2.110 -0.528 0.579 -1.572
0.0026766 -0.76000 10.07918 0.8588656187 2.4376996592    0.662  2.789  3.6104  0.863    7  0.000  0.473    24.65    16.09    10.84     8.57     6.94  1  -8.1e-08      0.00 7.348e-01 2.610e-01 4.345e-04 1.935e-04 1.224e-03 -1.000 4.193e-03 -2.203 -0.604 0.520 -1.655
0.0026766 -0.76000 10.07918 0.8588705063 2.4377011110    0.642  2.823  3.6078  0.805    7  0.000  0.470    27.70    17.72    11.88     9.41     7.63  1 -1.04e-07      0.00 7.348e-01 2.611e-01 4.316e-04 1.970e-04 1.224e-03 -1.000 4.140e-03 -2.288 -0.674 0.466 -1.732
0.0026766 -0.76000 10.07918 0.8588739634 2.4377021378    0.624  2.851  3.6059  0.758    7  0.000  0.468    30.51    19.18    12.80    10.17     8.24  1  -1.3e-07      0.00 7.347e-01 2.611e-01 4.296e-04 1.995e-04 1.224e-03 -1.000 4.160e-03 -2.358 -0.733 0.418 -1.795
0.0026766 -0.76000 10.07918 0.8588767648 2.4377029699    0.605  2.878  3.6046  0.712    7  0.000  0.466    33.41    20.65    13.73    10.93     8.85  1 -1.62e-07      0.00 7.347e-01 2.612e-01 4.278e-04 2.017e-04 1.224e-03 -1.000 4.148e-03 -2.426 -0.793 0.367 -1.859
0.0026766 -0.76000 10.07918 0.8588795662 2.4377038020    0.583  2.910  3.6042  0.662    7  0.000  0.464    36.96    22.39    14.82    11.83     9.58  1 -2.13e-07      0.00 7.347e-01 2.612e-01 4.259e-04 2.041e-04 1.224e-03 -1.000 4.114e-03 -2.505 -0.870 0.296 -1.938
0.0026766 -0.76000 10.07918 0.8588818312 2.4377044747    0.559  2.940  3.6065  0.623    7  0.000  0.462    39.89    23.76    15.67    12.54    10.15  1 -2.78e-07      0.00 7.346e-01 2.613e-01 4.242e-04 2.061e-04 1.224e-03 -1.000 4.133e-03 -2.579 -0.957 0.202 -2.021
0.0026766 -0.76000 10.07918 0.8588835597 2.4377049881    0.535  2.963  3.6179  0.627    7  0.000  0.461    39.28    23.35    15.40    12.34     9.99  1 -3.47e-07      0.00 7.346e-01 2.613e-01 4.230e-04 2.076e-04 1.224e-03 -1.000 4.141e-03 -2.638 -1.077 0.033 -2.120
0.0026766 -0.76000 10.07918 0.8588842750 2.4377052005    0.511  2.973  3.6278  0.637    7  0.000  0.460    38.15    22.68    14.96    12.00     9.71  1 -3.83e-07      0.00 7.346e-01 2.613e-01 4.221e-04 2.088e-04 1.224e-03 -1.000 4.141e-03 -2.663 -1.151 -0.081 -2.177
0.0026766 -0.76000 10.07918 1.0645273924 2.4854870980    0.538 -9.999  3.6286  7.944    9  0.539  0.000     0.00     0.00     0.00     0.00     0.00 -1    -1e-30      0.00 7.225e-01 2.746e-01 4.139e-04 2.590e-04 1.250e-03 -1.000 2.843e-03 29.767 31.196 32.278 30.163
#isochrone terminated
